# 3ds Max Wavefront OBJ Exporter v0.97b - (c)2007 guruware
# File Created: 06.04.2022 16:21:34

mtllib NavMesh.mtl

#
# object ExportedNavMesh
#

v  -198.6667 1.1566 -170.6667
v  -196.6667 1.1566 -199.0000
v  -199.0000 1.1566 -199.0000
v  -196.6667 1.1566 -170.6667
v  -196.6667 1.1566 -136.0000
v  -197.3333 1.1566 -128.0000
v  -199.0000 1.1566 -85.3333
v  -197.0000 1.1566 -85.3333
v  -197.0000 1.1566 -82.3333
v  -199.0000 1.1566 -42.0000
v  -196.3333 1.1566 -81.6667
v  -190.6667 1.1566 -42.0000
v  -190.0000 1.1566 -41.3333
v  -170.6667 1.1566 -81.6667
v  -170.6667 1.1566 0.0000
v  -190.0000 1.1566 0.0000
v  -190.0000 1.1566 5.3333
v  -190.0000 1.1566 6.6667
v  -190.6667 1.1566 5.6667
v  -170.6667 1.1566 54.6667
v  -190.0000 1.1566 53.3333
v  -190.6667 1.1566 54.0000
v  -199.0000 1.1566 54.6667
v  -199.0000 1.1566 54.0000
v  -166.0000 1.1566 47.3333
v  -166.0000 1.1566 54.6667
v  -165.3333 1.1566 46.6667
v  -164.0000 1.1566 46.6667
v  -166.0000 1.1566 -43.6667
v  -166.0000 1.1566 -36.0000
v  -165.3333 1.1566 -35.3333
v  -164.3333 1.1566 -35.3333
v  -162.0000 1.1566 -79.6667
v  -165.3333 1.1566 -44.3333
v  -168.6667 1.1566 -82.3333
v  -162.6667 1.1566 -80.3333
v  -162.6667 1.1566 -85.3333
v  -168.6667 1.1566 -85.3333
v  -168.6667 1.1566 -91.3333
v  -162.6667 1.1566 -96.0000
v  -170.6667 1.1566 -96.0000
v  -170.6667 1.1566 -92.0000
v  -173.6667 1.1566 -96.0000
v  -138.6667 1.1566 -65.3333
v  -142.0000 1.1566 -44.3333
v  -153.0000 1.1566 -79.6667
v  -181.6667 1.1566 -96.6667
v  -174.0000 1.1566 -96.6667
v  -186.6667 1.1566 -92.0000
v  -182.3333 1.1566 -97.3333
v  -187.0000 1.1566 -126.3333
v  -182.3333 1.1566 -123.0000
v  -181.6667 1.1566 -123.6667
v  -177.6667 1.1566 -126.3333
v  -172.3333 1.1566 -123.6667
v  -177.0000 1.1566 -127.0000
v  -177.0000 1.1566 -136.0000
v  -179.6667 1.1566 -143.3333
v  -172.3333 1.1566 -143.3333
v  -177.6667 1.1566 -136.6667
v  -180.3333 1.1566 -144.0000
v  -186.3333 1.1566 -136.6667
v  -186.3333 1.1566 -170.6667
v  -180.3333 1.1566 -170.6667
v  -180.3333 1.1566 -185.3333
v  -186.3333 1.1566 -189.3333
v  -179.6667 1.1566 -186.0000
v  -170.6667 1.1566 -189.3333
v  -170.6667 1.1566 -186.0000
v  -170.0000 1.1566 -185.3333
v  -166.0000 1.1566 -189.3333
v  -166.0000 1.1566 -170.6667
v  -170.0000 1.1566 -170.6667
v  -166.0000 1.1566 -152.6667
v  -170.0000 1.1566 -152.0000
v  -165.3333 1.1566 -152.0000
v  -170.0000 1.1566 -146.6667
v  -162.6667 1.1566 -146.6667
v  -162.0000 1.1566 -145.6667
v  -150.6667 1.1566 -145.6667
v  -156.3333 1.1566 -152.0000
v  -150.6667 1.1566 -152.0000
v  -155.6667 1.1566 -152.6667
v  -150.3333 1.1566 -170.6667
v  -155.6667 1.1566 -170.6667
v  -150.3333 1.1566 -181.0000
v  -155.6667 1.1566 -181.6667
v  -149.6667 1.1566 -181.6667
v  -155.6667 1.1566 -189.0000
v  -135.6667 1.1566 -189.0000
v  -140.6667 1.1566 -181.6667
v  -135.6667 1.1566 -181.6667
v  -140.0000 1.1566 -181.0000
v  -135.6667 1.1566 -179.3333
v  -140.0000 1.1566 -178.6667
v  -135.0000 1.1566 -178.6667
v  -140.0000 1.1566 -171.6667
v  -126.0000 1.1566 -178.6667
v  -119.6667 1.1566 -171.6667
v  -119.6667 1.1566 -178.6667
v  -125.3333 1.1566 -179.3333
v  -119.6667 1.1566 -180.6667
v  -125.3333 1.1566 -181.3333
v  -119.0000 1.1566 -181.3333
v  -125.3333 1.1566 -188.3333
v  -105.3333 1.1566 -188.3333
v  -110.0000 1.1566 -181.3333
v  -105.3333 1.1566 -181.3333
v  -109.3333 1.1566 -180.6667
v  -105.3333 1.1566 -175.3333
v  -109.3333 1.1566 -174.6667
v  -104.6667 1.1566 -174.6667
v  -109.3333 1.1566 -170.6667
v  -95.6667 1.1566 -174.6667
v  -85.3333 1.1566 -170.6667
v  -95.0000 1.1566 -175.3333
v  -103.6667 1.1566 -166.0000
v  -109.3333 1.1566 -162.0000
v  -104.3333 1.1566 -165.3333
v  -110.0000 1.1566 -161.3333
v  -104.3333 1.1566 -155.6667
v  -134.0000 1.1566 -155.3333
v  -140.3333 1.1566 -161.3333
v  -134.6667 1.1566 -154.6667
v  -140.3333 1.1566 -145.3333
v  -139.6667 1.1566 -145.0000
v  -134.6667 1.1566 -136.0000
v  -139.6667 1.1566 -136.0000
v  -140.3333 1.1566 -135.3333
v  -85.3333 1.1566 -166.0000
v  0.0000 1.1566 -170.6667
v  0.0000 1.1566 -166.0000
v  78.6667 1.1566 -166.0000
v  -134.0000 1.1566 -135.3333
v  79.6667 1.1566 -167.6667
v  -147.0000 1.1566 -129.0000
v  -162.0000 1.1566 -135.3333
v  -156.0000 1.1566 -129.0000
v  -162.0000 1.1566 -129.0000
v  -156.6667 1.1566 -128.3333
v  -162.3333 1.1566 -114.0000
v  -156.6667 1.1566 -106.3333
v  -163.0000 1.1566 -113.3333
v  -170.6667 1.1566 -106.3333
v  -170.6667 1.1566 -113.3333
v  -172.0000 1.1566 -113.3333
v  -172.0000 1.1566 -106.3333
v  -120.0000 1.1566 -129.0000
v  -125.0000 1.1566 -135.3333
v  -120.0000 1.1566 -135.3333
v  -124.3333 1.1566 -137.3333
v  -119.3333 1.1566 -137.3333
v  -124.3333 1.1566 -139.6667
v  -110.3333 1.1566 -137.3333
v  -141.6667 1.1566 -127.6667
v  -120.0000 1.1566 -127.6667
v  -146.3333 1.1566 -128.3333
v  -142.3333 1.1566 -127.0000
v  -142.3333 1.1566 -118.0000
v  -146.3333 1.1566 -106.3333
v  -141.6667 1.1566 -117.3333
v  -127.6667 1.1566 -106.3333
v  -127.6667 1.1566 -117.3333
v  -105.3333 1.1566 -139.6667
v  -106.0000 1.1566 -139.0000
v  -105.6667 1.1566 -137.3333
v  -109.6667 1.1566 -136.6667
v  -104.3333 1.1566 -136.6667
v  -109.6667 1.1566 -113.3333
v  -104.3333 1.1566 -114.6667
v  -110.3333 1.1566 -112.6667
v  -103.6667 1.1566 -114.3333
v  -103.6667 1.1566 -107.0000
v  -117.3333 1.1566 -107.0000
v  -117.3333 1.1566 -112.6667
v  -105.3333 1.1566 -140.3333
v  -124.3333 1.1566 -140.3333
v  -104.0000 1.1566 -140.3333
v  -104.0000 1.1566 -139.6667
v  -106.0000 1.1566 -142.3333
v  -124.3333 1.1566 -145.3333
v  -104.3333 1.1566 -145.3333
v  -104.3333 1.1566 -143.0000
v  -100.6667 1.3233 -141.6667
v  -100.6667 1.3233 -138.0000
v  -91.3333 1.3233 -153.3333
v  -95.6667 1.3233 -153.3333
v  -101.0000 1.3233 -153.3333
v  -88.6667 1.3233 -126.6667
v  -93.0000 1.3233 -126.6667
v  -98.3333 1.3233 -126.6667
v  -101.0000 1.3233 -126.6667
v  -85.3333 1.3233 -126.6667
v  -85.3333 1.3233 -153.6667
v  -81.3333 1.3233 -153.3333
v  -83.0000 1.3233 -126.6667
v  -78.6667 1.3233 -126.6667
v  -76.0000 1.3233 -153.3333
v  -73.0000 1.3233 -126.6667
v  -71.6667 1.3233 -153.3333
v  -71.6667 1.3233 -126.6667
v  -66.0000 1.3233 -153.3333
v  -66.0000 1.3233 -126.6667
v  -61.6667 1.3233 -153.3333
v  -59.0000 1.3233 -126.6667
v  -56.0000 1.3233 -153.3333
v  -64.3333 1.3233 -126.3333
v  -53.3333 1.3233 -126.6667
v  -65.3333 1.3233 -126.0000
v  -51.6667 1.3233 -153.3333
v  -65.0000 1.3233 -124.6667
v  -49.0000 1.3233 -126.6667
v  -46.0000 1.3233 -153.3333
v  -43.3333 1.3233 -126.6667
v  -41.6667 1.3233 -153.3333
v  -39.0000 1.3233 -126.6667
v  -36.3333 1.3233 -153.3333
v  -33.6667 1.3233 -126.6667
v  -32.0000 1.3233 -153.3333
v  -29.3333 1.3233 -126.6667
v  -26.3333 1.3233 -153.3333
v  -23.6667 1.3233 -126.6667
v  -22.0000 1.3233 -153.3333
v  -19.3333 1.3233 -126.6667
v  -16.3333 1.3233 -153.3333
v  -13.6667 1.3233 -126.6667
v  -12.0000 1.3233 -153.3333
v  -9.3333 1.3233 -126.6667
v  -6.6667 1.3233 -153.3333
v  -3.6667 1.3233 -126.6667
v  -2.3333 1.3233 -153.3333
v  0.0000 1.3233 -153.3333
v  0.0000 1.3233 -126.3333
v  0.6667 1.3233 -126.6667
v  0.0000 1.3233 -126.6667
v  3.3333 1.3233 -153.3333
v  6.0000 1.3233 -126.6667
v  7.6667 1.3233 -153.3333
v  7.3333 1.3233 -126.6667
v  13.0000 1.3233 -126.6667
v  13.3333 1.3233 -153.3333
v  17.6667 1.3233 -153.3333
v  20.3333 1.3233 -126.6667
v  23.0000 1.3233 -153.3333
v  15.0000 1.3233 -126.3333
v  26.0000 1.3233 -126.6667
v  13.6667 1.3233 -126.0000
v  27.3333 1.3233 -153.3333
v  14.3333 1.3233 -124.6667
v  30.3333 1.3233 -126.6667
v  33.0000 1.3233 -153.3333
v  35.6667 1.3233 -126.6667
v  37.3333 1.3233 -153.3333
v  40.0000 1.3233 -126.6667
v  43.0000 1.3233 -153.3333
v  45.6667 1.3233 -126.6667
v  47.3333 1.3233 -153.3333
v  50.0000 1.3233 -126.6667
v  53.0000 1.3233 -153.3333
v  55.6667 1.3233 -126.6667
v  57.3333 1.3233 -153.3333
v  60.0000 1.3233 -126.6667
v  62.6667 1.3233 -153.3333
v  65.3333 1.3233 -126.6667
v  67.0000 1.3233 -153.3333
v  72.6667 1.3233 -153.3333
v  79.6667 1.3233 -126.6667
v  85.3333 1.3233 -154.0000
v  77.6667 1.3233 -153.6667
v  78.3333 1.3233 -154.3333
v  75.6667 1.3233 -126.3333
v  68.3333 1.3233 -125.3333
v  75.0000 1.3233 -125.6667
v  85.3333 1.3233 -126.6667
v  70.3333 1.3233 -117.3333
v  68.3333 1.3233 -117.3333
v  74.0000 1.3233 -117.3333
v  75.0000 1.3233 -117.3333
v  73.6667 1.3233 -116.6667
v  70.6667 1.3233 -116.6667
v  83.0000 1.3233 -163.3333
v  85.0000 1.3233 -162.6667
v  94.6667 1.3233 -141.6667
v  87.0000 1.3233 -153.3333
v  92.3333 1.3233 -153.3333
v  94.6667 1.3233 -153.3333
v  94.6667 1.3233 -138.0000
v  94.6667 1.3233 -126.6667
v  95.3333 1.3233 -141.3333
v  95.3333 1.3233 -138.3333
v  80.0000 1.3233 -162.6667
v  78.3333 1.3233 -162.6667
v  80.6667 1.3233 -163.3333
v  81.6667 1.1566 -166.0000
v  82.3333 1.1566 -167.0000
v  81.0000 1.1566 -167.6667
v  83.0000 1.1566 -167.6667
v  85.3333 1.1566 -170.6667
v  84.3333 1.1566 -167.6667
v  85.3333 1.1566 -167.6667
v  40.6667 1.1566 -198.6667
v  85.3333 1.1566 -166.0000
v  97.6667 1.1566 -166.0000
v  39.3333 1.1566 -198.6667
v  30.6667 1.1566 -198.6667
v  29.3333 1.1566 -198.6667
v  20.6667 1.1566 -198.6667
v  49.3333 1.1566 -198.6667
v  19.3333 1.1566 -198.6667
v  50.6667 1.1566 -198.6667
v  10.6667 1.1566 -198.6667
v  59.3333 1.1566 -198.6667
v  60.6667 1.1566 -198.6667
v  69.3333 1.1566 -198.6667
v  70.6667 1.1566 -198.6667
v  79.3333 1.1566 -198.6667
v  9.3333 1.1566 -198.6667
v  0.6667 1.1566 -198.6667
v  0.0000 1.1566 -198.6667
v  -0.6667 1.1566 -198.6667
v  -9.3333 1.1566 -198.6667
v  -10.6667 1.1566 -198.6667
v  -19.3333 1.1566 -198.6667
v  -20.6667 1.1566 -198.6667
v  -29.3333 1.1566 -198.6667
v  -30.6667 1.1566 -198.6667
v  -39.3333 1.1566 -198.6667
v  -40.6667 1.1566 -198.6667
v  -49.3333 1.1566 -198.6667
v  -50.6667 1.1566 -198.6667
v  -59.3333 1.1566 -198.6667
v  -60.6667 1.1566 -198.6667
v  -69.3333 1.1566 -198.6667
v  -70.6667 1.1566 -198.6667
v  -79.3333 1.1566 -198.6667
v  -80.6667 1.1566 -198.6667
v  -85.3333 1.1566 -198.6667
v  -85.3333 1.1566 -199.0000
v  -89.3333 1.1566 -198.6667
v  -90.6667 1.1566 -198.6667
v  -95.3333 1.1566 -198.6667
v  -95.6667 1.1566 -199.0000
v  87.6667 1.1566 -198.3333
v  88.3333 1.1566 -199.0000
v  85.3333 1.1566 -199.0000
v  87.6667 1.1566 -175.3333
v  88.3333 1.1566 -174.6667
v  97.3333 1.1566 -174.6667
v  103.6667 1.1566 -170.6667
v  98.3333 1.1566 -165.3333
v  103.6667 1.1566 -174.6667
v  103.6667 1.1566 -157.6667
v  98.0000 1.1566 -175.3333
v  98.3333 1.1566 -157.0000
v  103.6667 1.1566 -181.0000
v  104.3333 1.1566 -157.0000
v  98.0000 1.1566 -181.6667
v  98.3333 1.1566 -152.3333
v  113.3333 1.1566 -157.0000
v  120.3333 1.1566 -152.3333
v  104.3333 1.1566 -181.6667
v  98.0000 1.1566 -188.6667
v  118.3333 1.1566 -188.6667
v  113.3333 1.1566 -181.6667
v  118.3333 1.1566 -181.6667
v  114.0000 1.1566 -181.0000
v  118.3333 1.1566 -175.3333
v  114.0000 1.1566 -174.6667
v  119.0000 1.1566 -174.6667
v  126.3333 1.1566 -157.0000
v  121.0000 1.1566 -151.6667
v  121.0000 1.1566 -142.6667
v  126.3333 1.1566 -137.0000
v  120.3333 1.1566 -142.0000
v  113.3333 1.1566 -137.0000
v  106.6667 1.1566 -142.0000
v  112.6667 1.1566 -136.3333
v  114.0000 1.1566 -170.6667
v  106.6667 1.1566 -126.6667
v  112.6667 1.1566 -127.3333
v  113.3333 1.1566 -126.6667
v  128.0000 1.1566 -174.6667
v  106.6667 1.1566 -122.0000
v  134.3333 1.1566 -170.6667
v  114.0000 1.1566 -167.6667
v  134.3333 1.1566 -167.6667
v  134.3333 1.1566 -174.6667
v  128.6667 1.1566 -175.3333
v  134.3333 1.1566 -180.3333
v  128.6667 1.1566 -181.0000
v  135.0000 1.1566 -181.0000
v  128.6667 1.1566 -188.6667
v  150.0000 1.1566 -188.6667
v  144.0000 1.1566 -181.0000
v  150.0000 1.1566 -181.0000
v  144.6667 1.1566 -180.3333
v  150.0000 1.1566 -170.6667
v  144.6667 1.1566 -170.6667
v  150.0000 1.1566 -167.6667
v  144.6667 1.1566 -167.0000
v  150.6667 1.1566 -167.0000
v  144.6667 1.1566 -158.6667
v  159.6667 1.1566 -167.0000
v  166.0000 1.1566 -159.0000
v  166.0000 1.1566 -167.0000
v  160.3333 1.1566 -167.6667
v  166.0000 1.1566 -170.6667
v  160.3333 1.1566 -170.6667
v  165.6667 1.1566 -184.0000
v  160.3333 1.1566 -189.3333
v  170.6667 1.1566 -189.3333
v  166.3333 1.1566 -184.6667
v  170.6667 1.1566 -184.6667
v  183.0000 1.1566 -184.6667
v  188.6667 1.1566 -189.3333
v  183.6667 1.1566 -184.0000
v  188.6667 1.1566 -170.6667
v  183.6667 1.1566 -175.0000
v  183.0000 1.1566 -174.3333
v  176.3333 1.1566 -170.6667
v  176.3333 1.1566 -174.3333
v  182.0000 1.1566 -159.0000
v  188.6667 1.1566 -159.0000
v  181.3333 1.1566 -158.3333
v  181.3333 1.1566 -149.3333
v  176.3333 1.1566 -132.6667
v  183.3333 1.1566 -132.6667
v  182.0000 1.1566 -148.6667
v  188.3333 1.1566 -148.6667
v  184.0000 1.1566 -132.0000
v  188.6667 1.1566 -114.6667
v  184.0000 1.1566 -123.0000
v  183.3333 1.1566 -122.3333
v  176.3333 1.1566 -114.6667
v  176.3333 1.1566 -122.3333
v  -152.3333 1.1566 -85.3333
v  -118.0000 1.1566 -96.0000
v  -152.3333 1.1566 -96.0000
v  -98.3333 1.1566 -85.3333
v  -152.3333 1.1566 -80.3333
v  -117.6667 1.1566 -96.6667
v  -94.0000 1.1566 -97.0000
v  -97.6667 1.1566 -87.0000
v  -85.3333 1.1566 -96.3333
v  -94.3333 1.1566 -79.6667
v  -93.3333 1.1566 -97.6667
v  -122.0000 1.1566 -71.0000
v  -93.0000 1.1566 -78.0000
v  -120.0000 1.1566 -71.0000
v  -119.0000 1.1566 -70.0000
v  -117.0000 1.1566 -63.6667
v  -91.6667 1.1566 -78.0000
v  -85.3333 1.1566 -114.0000
v  -93.3333 1.1566 -114.0000
v  -113.6667 1.1566 -43.6667
v  -117.0000 1.1566 -61.6667
v  -85.3333 1.1566 -78.0000
v  -85.3333 1.1566 -83.0000
v  -85.3333 1.1566 -36.0000
v  -114.3333 1.1566 -44.3333
v  -133.6667 1.1566 -56.0000
v  -115.6667 1.1566 -44.3333
v  -135.6667 1.1566 -56.0000
v  -137.3333 1.1566 -59.3333
v  -116.3333 1.1566 -43.6667
v  -141.3333 1.1566 -43.6667
v  -141.3333 1.1566 -41.6667
v  -115.6667 1.1566 -41.6667
v  -141.3333 1.1566 -36.3333
v  -142.3333 1.1566 -35.3333
v  -114.3333 1.1566 -41.6667
v  -86.3333 1.1566 -35.3333
v  -90.6667 1.1566 -34.0000
v  -86.0000 1.1566 -34.0000
v  -91.3333 1.1566 -33.3333
v  -91.3333 1.1566 -31.6667
v  -91.3333 1.1566 -18.3333
v  -90.6667 1.1566 -31.0000
v  -91.3333 1.1566 -16.6667
v  -90.6667 1.1566 -19.0000
v  -86.3333 1.1566 -20.3333
v  -86.0000 1.1566 -19.0000
v  -85.3333 1.1566 -21.0000
v  -85.3333 1.1566 -29.0000
v  -84.3333 1.1566 -21.0000
v  -86.3333 1.1566 -29.6667
v  -86.3333 1.1566 -31.0000
v  -83.6667 1.1566 -29.6667
v  -83.6667 1.1566 -20.3333
v  -82.6667 1.1566 -31.6667
v  -83.6667 1.3233 -31.0000
v  -82.6667 1.1566 -18.3333
v  -84.0000 1.3233 -19.0000
v  -79.0000 1.1566 -41.3333
v  -79.0000 1.1566 0.0000
v  -82.6667 1.1566 -33.3333
v  -82.6667 1.1566 -16.6667
v  -83.6667 1.1566 -35.3333
v  -84.0000 1.3233 -34.0000
v  -84.3333 1.1566 -36.0000
v  -78.3333 1.1566 -42.0000
v  -69.0000 1.1566 -48.6667
v  -82.3333 1.1566 -85.3333
v  -69.6667 1.1566 -48.0000
v  -69.6667 1.1566 -42.0000
v  -43.3333 1.1566 -75.0000
v  -41.3333 1.1566 -69.0000
v  -67.6667 1.1566 -48.6667
v  -39.3333 1.1566 -66.0000
v  -35.0000 1.1566 -85.3333
v  -41.0000 1.1566 -76.6667
v  -32.6667 1.1566 -80.0000
v  -73.6667 1.1566 -92.0000
v  -39.3333 1.1566 -95.0000
v  -73.6667 1.1566 -93.6667
v  -39.3333 1.1566 -97.0000
v  -79.0000 1.1566 -100.3333
v  -32.6667 1.1566 -100.3333
v  -7.6667 1.1566 -48.6667
v  -67.0000 1.1566 -48.0000
v  -67.0000 1.1566 -46.0000
v  -9.3333 1.1566 -55.3333
v  -38.0000 1.1566 -66.0000
v  -17.3333 1.1566 -75.6667
v  -6.3333 1.1566 -46.0000
v  0.0000 1.1566 -85.3333
v  -17.3333 1.1566 -77.0000
v  0.0000 1.1566 -58.6667
v  -20.3333 1.1566 -83.6667
v  -23.3333 1.1566 -85.3333
v  -30.3333 1.1566 -100.6667
v  0.0000 1.1566 -114.0000
v  -31.6667 1.1566 -100.6667
v  -80.3333 1.1566 -100.3333
v  -85.3333 1.1566 -100.3333
v  29.3333 1.1566 -101.0000
v  30.6667 1.1566 -102.6667
v  27.0000 1.1566 -93.3333
v  31.6667 1.1566 -102.6667
v  29.0000 1.1566 -92.0000
v  85.3333 1.1566 -114.0000
v  46.3333 1.1566 -85.3333
v  78.0000 1.1566 -90.3333
v  52.3333 1.1566 -94.6667
v  53.0000 1.1566 -92.6667
v  52.0000 1.1566 -90.3333
v  75.6667 1.1566 -85.3333
v  50.0000 1.1566 -85.3333
v  75.6667 1.1566 -84.6667
v  49.3333 1.1566 -84.6667
v  74.6667 1.1566 -82.3333
v  79.6667 1.1566 -90.3333
v  75.3333 1.1566 -80.3333
v  81.3333 1.1566 -64.6667
v  85.3333 1.1566 -76.6667
v  48.3333 1.1566 -84.6667
v  85.3333 1.1566 -90.3333
v  85.3333 1.1566 -88.0000
v  96.0000 1.1566 -114.0000
v  96.0000 1.1566 -98.0000
v  93.3333 1.1566 -85.3333
v  96.6667 1.1566 -97.3333
v  128.0000 1.1566 -97.3333
v  135.3333 1.1566 -85.3333
v  135.3333 1.1566 -97.3333
v  96.0000 1.1566 -84.3333
v  96.6667 1.1566 -82.6667
v  136.0000 1.1566 -74.3333
v  94.0000 1.1566 -75.3333
v  93.0000 1.1566 -74.3333
v  136.0000 1.1566 -72.0000
v  100.3333 1.1566 -69.6667
v  136.6667 1.1566 -71.3333
v  99.3333 1.1566 -69.6667
v  92.0000 1.1566 -74.3333
v  85.3333 1.1566 -66.6667
v  101.3333 1.1566 -68.0000
v  85.3333 1.1566 -74.3333
v  82.0000 1.1566 -66.0000
v  120.6667 1.1566 -49.6667
v  102.6667 1.1566 -61.6667
v  119.3333 1.1566 -49.6667
v  102.6667 1.1566 -60.0000
v  100.6667 1.1566 -49.6667
v  118.3333 1.1566 -48.6667
v  102.0000 1.1566 -59.3333
v  101.6667 1.1566 -48.6667
v  99.3333 1.1566 -49.6667
v  98.3333 1.1566 -48.6667
v  118.3333 1.1566 -47.3333
v  101.6667 1.1566 -47.3333
v  85.3333 1.1566 -56.0000
v  100.6667 1.1566 -46.3333
v  98.3333 1.1566 -47.3333
v  119.3333 1.1566 -46.3333
v  99.3333 1.1566 -46.3333
v  97.3333 1.1566 -10.0000
v  120.6667 1.1566 -46.3333
v  97.3333 1.1566 -14.3333
v  95.3333 1.1566 -16.6667
v  85.3333 1.1566 -17.0000
v  81.6667 1.1566 -47.3333
v  81.6667 1.1566 -48.6667
v  80.6667 1.1566 -46.3333
v  82.0000 1.1566 -17.3333
v  83.6667 1.1566 -55.6667
v  80.3333 1.1566 -17.3333
v  80.6667 1.1566 -49.6667
v  79.3333 1.1566 -46.3333
v  79.3333 1.1566 -49.6667
v  68.0000 1.1566 -17.3333
v  77.0000 1.1566 -16.0000
v  76.6667 1.1566 -9.6667
v  68.0000 1.1566 -46.3333
v  78.3333 1.1566 -47.3333
v  68.0000 1.1566 -48.6667
v  79.0000 1.1566 -49.3333
v  67.3333 1.1566 -49.3333
v  68.0000 1.1566 0.0000
v  77.6667 1.1566 -8.6667
v  85.3333 1.1566 0.0000
v  80.0000 1.1566 -8.0000
v  85.3333 1.1566 -7.6667
v  66.3333 1.1566 -49.3333
v  40.3333 1.1566 -49.6667
v  42.0000 1.1566 -55.6667
v  40.3333 1.1566 -49.3333
v  65.3333 1.1566 -48.3333
v  65.3333 1.1566 -38.6667
v  43.6667 1.1566 -61.6667
v  82.6667 1.1566 -56.6667
v  36.6667 1.1566 -38.6667
v  42.3333 1.1566 -62.6667
v  35.6667 1.1566 -64.6667
v  34.3333 1.1566 -64.6667
v  65.3333 1.1566 -36.3333
v  9.3333 1.1566 -61.0000
v  33.3333 1.1566 -63.6667
v  32.6667 1.1566 -61.0000
v  7.3333 1.1566 -61.0000
v  0.0000 1.1566 -61.0000
v  11.6667 1.1566 -55.6667
v  27.3333 1.1566 -43.6667
v  12.3333 1.1566 -51.6667
v  27.3333 1.1566 -41.6667
v  26.0000 1.1566 -36.3333
v  35.3333 1.1566 -38.6667
v  41.3333 1.1566 -31.0000
v  42.6667 1.1566 -30.0000
v  24.0000 1.1566 -36.3333
v  28.6667 1.1566 -40.6667
v  23.0000 1.1566 -35.0000
v  65.3333 1.1566 -20.6667
v  40.3333 1.1566 -22.0000
v  39.3333 1.1566 -20.6667
v  20.6667 1.1566 -27.3333
v  65.3333 1.1566 0.0000
v  0.0000 1.1566 -47.3333
v  38.0000 1.1566 -20.6667
v  4.0000 1.1566 -2.3333
v  21.6667 1.1566 -26.3333
v  0.0000 1.1566 -4.6667
v  4.0000 1.1566 0.0000
v  48.6667 1.1566 7.3333
v  4.0000 1.1566 2.3333
v  0.0000 1.1566 4.6667
v  50.0000 1.1566 7.3333
v  65.3333 1.1566 7.3333
v  54.0000 1.1566 13.0000
v  54.6667 1.1566 16.0000
v  65.3333 1.1566 25.6667
v  39.3333 1.1566 25.6667
v  65.3333 1.1566 29.3333
v  33.3333 1.1566 17.0000
v  14.0000 1.1566 29.3333
v  38.0000 1.1566 25.6667
v  34.0000 1.1566 20.0000
v  24.6667 1.1566 44.3333
v  12.6667 1.1566 29.3333
v  65.3333 1.1566 51.0000
v  24.6667 1.1566 45.6667
v  23.6667 1.1566 46.6667
v  17.3333 1.1566 51.0000
v  65.3333 1.1566 56.6667
v  0.0000 1.1566 33.3333
v  6.3333 1.1566 33.6667
v  1.0000 1.1566 34.0000
v  5.6667 1.1566 34.3333
v  1.0000 1.1566 36.0000
v  5.6667 1.1566 36.0000
v  0.0000 1.1566 38.3333
v  0.0000 1.1566 73.0000
v  25.6667 1.1566 73.0000
v  16.3333 1.1566 51.0000
v  26.3333 1.1566 73.6667
v  28.0000 1.1566 82.3333
v  26.3333 1.1566 81.3333
v  66.0000 1.1566 57.3333
v  85.3333 1.1566 85.3333
v  85.3333 1.1566 57.3333
v  117.0000 1.1566 57.3333
v  27.6667 1.1566 85.3333
v  27.3333 1.1566 84.3333
v  27.3333 1.1566 85.0000
v  26.0000 1.1566 84.3333
v  25.6667 1.1566 85.0000
v  24.6667 1.1566 85.3333
v  22.6667 1.1566 82.6667
v  0.0000 1.1566 85.3333
v  22.6667 1.1566 86.3333
v  139.0000 1.1566 57.3333
v  117.6667 1.1566 56.3333
v  138.3333 1.1566 56.3333
v  170.6667 1.1566 85.3333
v  170.6667 1.1566 57.3333
v  199.0000 1.1566 57.3333
v  199.0000 1.1566 85.3333
v  198.6667 1.1566 170.6667
v  170.6667 1.1566 170.6667
v  132.0000 1.1566 124.6667
v  131.3333 1.1566 124.0000
v  97.0000 1.1566 124.0000
v  96.3333 1.1566 124.6667
v  132.0000 1.1566 170.6667
v  85.3333 1.1566 170.6667
v  66.3333 1.1566 128.3333
v  66.3333 1.1566 119.6667
v  65.6667 1.1566 129.0000
v  94.3333 1.1566 154.6667
v  96.3333 1.1566 154.0000
v  94.3333 1.1566 170.6667
v  94.3333 1.1566 175.6667
v  95.0000 1.1566 176.3333
v  66.3333 1.1566 113.3333
v  65.6667 1.1566 119.0000
v  65.6667 1.1566 114.0000
v  64.0000 1.1566 119.0000
v  66.3333 1.1566 104.6667
v  64.0000 1.1566 114.0000
v  58.0000 1.1566 119.0000
v  63.3333 1.1566 119.6667
v  57.3333 1.1566 114.0000
v  58.3333 1.1566 121.0000
v  63.3333 1.1566 113.3333
v  56.6667 1.1566 110.3333
v  63.3333 1.1566 109.6667
v  63.3333 1.1566 123.0000
v  57.3333 1.1566 122.0000
v  51.6667 1.1566 123.0000
v  56.0000 1.1566 109.6667
v  63.3333 1.1566 104.6667
v  63.3333 1.1566 124.0000
v  64.0000 1.1566 104.0000
v  50.0000 1.1566 123.0000
v  54.6667 1.1566 109.6667
v  37.6667 1.1566 124.0000
v  63.3333 1.1566 128.3333
v  64.0000 1.1566 129.0000
v  41.0000 1.1566 123.0000
v  44.0000 1.1566 121.3333
v  49.0000 1.1566 122.0000
v  34.0000 1.1566 124.0000
v  44.3333 1.1566 115.3333
v  43.0000 1.1566 116.0000
v  47.6667 1.1566 111.3333
v  44.3333 1.1566 114.0000
v  43.0000 1.1566 111.0000
v  50.3333 1.1566 110.3333
v  40.0000 1.1566 110.3333
v  40.3333 1.1566 111.0000
v  26.3333 1.1566 109.6667
v  38.6667 1.1566 110.3333
v  26.0000 1.1566 110.3333
v  26.3333 1.1566 104.0000
v  37.6667 1.1566 110.6667
v  25.6667 1.1566 110.6667
v  50.3333 1.1566 103.3333
v  26.3333 1.1566 103.3333
v  33.3333 1.1566 111.6667
v  35.6667 1.1566 111.6667
v  32.0000 1.1566 113.0000
v  32.0000 1.1566 115.0000
v  33.0000 1.1566 123.0000
v  33.3333 1.1566 118.0000
v  4.6667 1.1566 110.6667
v  51.3333 1.1566 103.3333
v  65.6667 1.1566 104.0000
v  57.6667 1.1566 102.3333
v  39.3333 1.1566 102.3333
v  26.3333 1.1566 102.3333
v  41.0000 1.1566 102.3333
v  49.3333 1.1566 102.3333
v  45.0000 1.1566 92.6667
v  48.3333 1.1566 91.6667
v  45.0000 1.1566 91.3333
v  49.0000 1.1566 91.0000
v  43.6667 1.1566 90.3333
v  34.0000 1.1566 100.3333
v  33.0000 1.1566 99.3333
v  33.0000 1.1566 97.3333
v  53.3333 1.1566 90.3333
v  26.3333 1.1566 88.3333
v  36.0000 1.1566 89.3333
v  40.3333 1.1566 89.0000
v  37.0000 1.1566 88.3333
v  64.0000 1.1566 89.0000
v  56.6667 1.1566 90.3333
v  38.3333 1.1566 88.3333
v  28.0000 1.1566 87.0000
v  26.3333 1.1566 87.6667
v  63.3333 1.1566 90.3333
v  57.3333 1.1566 91.0000
v  63.3333 1.1566 98.3333
v  58.3333 1.1566 99.0000
v  65.6667 1.1566 89.0000
v  66.3333 1.1566 89.6667
v  64.0000 1.1566 99.0000
v  58.3333 1.1566 101.6667
v  65.6667 1.1566 99.0000
v  66.3333 1.1566 98.3333
v  -70.3333 1.3233 -123.6667
v  -69.6667 1.3233 -123.6667
v  -66.0000 1.3233 -124.3333
v  -68.6667 1.3233 -123.6667
v  -63.6667 1.3233 -123.6667
v  -64.6667 1.3233 -120.6667
v  -63.6667 1.3233 -120.6667
v  -67.6667 1.3233 -122.6667
v  -65.6667 1.3233 -119.6667
v  -67.6667 1.3233 -117.0000
v  -66.0000 1.3233 -117.0000
v  9.0000 1.3233 -123.6667
v  9.6667 1.3233 -123.6667
v  13.0000 1.3233 -124.3333
v  10.6667 1.3233 -123.6667
v  15.6667 1.3233 -123.6667
v  14.6667 1.3233 -120.6667
v  15.6667 1.3233 -120.6667
v  11.6667 1.3233 -122.3333
v  13.3333 1.3233 -119.3333
v  11.6667 1.3233 -117.0000
v  13.3333 1.3233 -117.0000
v  168.6667 1.1566 -85.3333
v  170.6667 1.1566 -89.0000
v  168.6667 1.1566 -89.0000
v  170.6667 1.1566 -85.3333
v  178.3333 1.1566 -89.0000
v  168.6667 1.1566 -71.6667
v  170.6667 1.1566 -30.3333
v  161.6667 1.1566 -48.6667
v  168.0000 1.1566 -71.0000
v  160.6667 1.1566 -49.6667
v  161.6667 1.1566 -47.3333
v  159.0000 1.1566 -71.0000
v  159.3333 1.1566 -49.6667
v  160.6667 1.1566 -46.3333
v  140.6667 1.1566 -49.6667
v  158.3333 1.1566 -48.6667
v  139.3333 1.1566 -49.6667
v  141.6667 1.1566 -48.6667
v  138.3333 1.1566 -48.6667
v  121.6667 1.1566 -48.6667
v  158.3333 1.1566 -47.3333
v  141.6667 1.1566 -47.3333
v  138.3333 1.1566 -47.3333
v  121.6667 1.1566 -47.3333
v  140.6667 1.1566 -46.3333
v  139.3333 1.1566 -46.3333
v  159.3333 1.1566 -46.3333
v  169.3333 1.1566 -24.0000
v  95.0000 1.1566 -7.3333
v  169.3333 1.1566 -29.0000
v  170.0000 1.1566 -7.3333
v  170.6667 1.1566 -22.3333
v  170.6667 1.1566 -8.6667
v  172.0000 1.1566 -10.0000
v  171.6667 1.1566 -21.6667
v  176.6667 1.1566 -10.3333
v  186.3333 1.1566 -21.6667
v  170.0000 1.1566 -3.3333
v  188.0000 1.1566 -10.3333
v  170.6667 1.1566 0.0000
v  170.6667 1.1566 -2.3333
v  93.0000 1.1566 -7.3333
v  199.0000 1.1566 -21.6667
v  189.0000 1.1566 -22.3333
v  190.0000 1.1566 -24.6667
v  198.6667 1.1566 -10.3333
v  190.3333 1.1566 -9.3333
v  190.6667 1.1566 -2.6667
v  199.0000 1.1566 -31.0000
v  189.6667 1.1566 -29.6667
v  198.6667 1.1566 -0.6667
v  188.0000 1.1566 -1.3333
v  187.0000 1.1566 -31.0000
v  179.0000 1.1566 -0.6667
v  198.6667 1.1566 0.0000
v  199.0000 1.1566 -46.3333
v  172.3333 1.1566 -0.6667
v  170.6667 1.1566 -0.6667
v  180.6667 1.1566 -46.3333
v  179.3333 1.1566 -46.3333
v  181.6667 1.1566 -47.3333
v  171.3333 1.1566 -31.0000
v  178.3333 1.1566 -47.3333
v  198.6667 1.1566 -49.6667
v  181.6667 1.1566 -48.6667
v  178.3333 1.1566 -48.6667
v  180.6667 1.1566 -49.6667
v  174.3333 1.1566 -74.3333
v  179.3333 1.1566 -49.6667
v  175.0000 1.1566 -73.6667
v  174.3333 1.1566 -83.3333
v  198.0000 1.1566 -73.6667
v  199.0000 1.1566 -73.6667
v  198.6667 1.1566 -74.3333
v  198.6667 1.1566 -79.3333
v  175.0000 1.1566 -84.0000
v  188.6667 1.1566 -85.3333
v  188.6667 1.1566 -84.0000
v  179.0000 1.1566 -89.6667
v  179.0000 1.1566 -98.6667
v  188.6667 1.1566 -104.3333
v  178.3333 1.1566 -99.3333
v  170.6667 1.1566 -104.3333
v  170.6667 1.1566 -99.3333
v  166.6667 1.1566 -104.3333
v  166.0000 1.1566 -105.0000
v  161.0000 1.1566 -99.3333
v  161.3333 1.1566 -121.0000
v  166.0000 1.1566 -144.0000
v  160.6667 1.1566 -121.6667
v  153.0000 1.1566 -143.3333
v  153.0000 1.1566 -121.6667
v  152.3333 1.1566 -144.0000
v  158.0000 1.1566 -148.6667
v  166.0000 1.1566 -148.6667
v  143.3333 1.1566 -144.0000
v  136.6667 1.1566 -148.3333
v  136.6667 1.1566 -144.0000
v  142.6667 1.1566 -143.3333
v  137.3333 1.1566 -136.3333
v  136.6667 1.1566 -136.6667
v  142.6667 1.1566 -126.6667
v  137.3333 1.1566 -127.3333
v  136.6667 1.1566 -126.6667
v  138.3333 1.1566 -122.0000
v  142.6667 1.1566 -122.0000
v  115.0000 1.1566 -122.0000
v  114.3333 1.1566 -121.3333
v  114.3333 1.1566 -112.3333
v  106.3333 1.1566 -108.0000
v  115.0000 1.1566 -111.6667
v  127.0000 1.1566 -108.0000
v  150.6667 1.1566 -111.3333
v  145.6667 1.1566 -108.0000
v  150.6667 1.1566 -108.0000
v  146.3333 1.1566 -107.3333
v  150.6667 1.1566 -89.6667
v  145.6667 1.1566 -85.3333
v  151.3333 1.1566 -89.0000
v  158.3333 1.1566 -85.3333
v  158.3333 1.1566 -89.0000
v  145.6667 1.1566 -81.6667
v  158.3333 1.1566 -81.6667
v  -143.6667 1.1566 -41.0000
v  -163.6667 1.1566 -41.0000
v  -163.3333 1.1566 -36.3333
v  -144.0000 1.1566 -36.0000
v  -143.3333 1.1566 -35.3333
v  -90.6667 1.1566 -1.0000
v  -91.3333 1.1566 -1.6667
v  -91.3333 1.1566 -3.3333
v  -90.6667 1.1566 -16.0000
v  -90.6667 1.1566 -4.0000
v  -86.3333 1.1566 -5.3333
v  -86.0000 1.1566 -4.0000
v  -85.3333 1.1566 -6.0000
v  -85.3333 1.1566 -14.0000
v  -84.3333 1.1566 -6.0000
v  -86.3333 1.1566 -14.6667
v  -86.3333 1.1566 -16.0000
v  -83.6667 1.1566 -14.6667
v  -83.6667 1.1566 -5.3333
v  -83.6667 1.3233 -16.0000
v  -82.6667 1.1566 -3.3333
v  -84.0000 1.3233 -4.0000
v  -82.6667 1.1566 -1.6667
v  -83.6667 1.3233 0.0000
v  -83.6667 1.3233 -1.0000
v  -84.3333 1.1566 1.0000
v  -79.0000 1.1566 5.3333
v  -85.3333 1.1566 1.0000
v  -85.3333 1.1566 19.6667
v  -79.0000 1.1566 6.6667
v  -78.3333 1.1566 5.6667
v  -79.0000 1.1566 53.3333
v  -86.6667 1.1566 19.3333
v  -87.3333 1.1566 19.3333
v  -88.3333 1.1566 19.3333
v  -89.0000 1.1566 20.0000
v  -86.3333 1.3233 0.0000
v  -84.6667 1.1566 36.3333
v  -85.3333 1.1566 22.6667
v  -86.3333 1.1566 -1.0000
v  -89.3333 1.1566 26.0000
v  -89.0000 1.1566 22.3333
v  -88.6667 1.1566 25.3333
v  -88.3333 1.1566 23.0000
v  -87.3333 1.1566 25.3333
v  -86.6667 1.1566 25.3333
v  -85.3333 1.1566 25.6667
v  -85.3333 1.1566 28.6667
v  -143.3333 1.1566 46.6667
v  -89.3333 1.1566 28.6667
v  -163.3333 1.1566 47.3333
v  -85.3333 1.1566 35.6667
v  -86.6667 1.1566 35.6667
v  -144.0000 1.1566 47.3333
v  -143.6667 1.1566 52.3333
v  -163.6667 1.1566 52.3333
v  -87.3333 1.1566 29.3333
v  -87.0000 1.1566 28.6667
v  -88.6667 1.1566 29.3333
v  -88.3333 1.1566 36.0000
v  -87.0000 1.1566 36.3333
v  -89.0000 1.1566 36.6667
v  -89.0000 1.1566 39.0000
v  -89.0000 1.1566 45.0000
v  -142.0000 1.1566 46.6667
v  -89.0000 1.1566 42.6667
v  -88.3333 1.1566 39.6667
v  -88.3333 1.1566 42.0000
v  -87.3333 1.1566 39.6667
v  -86.6667 1.1566 39.6667
v  -85.3333 1.1566 42.3333
v  -85.3333 1.1566 39.6667
v  -84.6667 1.1566 39.0000
v  -85.3333 1.1566 45.3333
v  -88.3333 1.1566 45.6667
v  -85.3333 1.1566 54.6667
v  -86.6667 1.1566 45.6667
v  -87.3333 1.1566 45.6667
v  -78.3333 1.1566 54.0000
v  -69.6667 1.1566 54.6667
v  -69.6667 1.1566 54.0000
v  -114.3333 1.1566 53.0000
v  -113.6667 1.1566 54.6667
v  -115.6667 1.1566 53.0000
v  -141.3333 1.1566 47.3333
v  -141.3333 1.1566 53.0000
v  -116.3333 1.1566 54.6667
v  -141.3333 1.1566 54.6667
v  -199.0000 1.1566 85.3333
v  -170.6667 1.1566 57.3333
v  -199.0000 1.1566 57.3333
v  -170.6667 1.1566 85.3333
v  -175.6667 1.1566 162.3333
v  -199.0000 1.1566 162.3333
v  -173.3333 1.1566 162.3333
v  -172.3333 1.1566 163.3333
v  -170.6667 1.1566 170.6667
v  -89.0000 1.1566 73.6667
v  -172.3333 1.1566 165.3333
v  -179.0000 1.1566 163.0000
v  -172.6667 1.1566 167.0000
v  -85.3333 1.1566 57.3333
v  -181.6667 1.1566 165.0000
v  -179.6667 1.1566 165.0000
v  -183.3333 1.1566 167.3333
v  -198.6667 1.1566 170.6667
v  -184.3333 1.1566 170.6667
v  -184.6667 1.1566 172.6667
v  -199.0000 1.1566 175.6667
v  -182.3333 1.1566 175.6667
v  -190.6667 1.1566 198.6667
v  -199.0000 1.1566 198.6667
v  -189.3333 1.1566 198.6667
v  -173.0000 1.1566 180.0000
v  -180.6667 1.1566 198.6667
v  -178.0000 1.1566 198.6667
v  -177.3333 1.1566 198.6667
v  -180.3333 1.1566 175.6667
v  -173.0000 1.1566 198.6667
v  -177.6667 1.1566 175.6667
v  -179.3333 1.1566 173.6667
v  -170.6667 1.1566 180.3333
v  -170.6667 1.1566 198.6667
v  -169.3333 1.1566 198.6667
v  -168.0000 1.1566 179.6667
v  -160.6667 1.1566 198.6667
v  -159.3333 1.1566 198.6667
v  -165.6667 1.1566 178.0000
v  -164.6667 1.1566 175.6667
v  -150.6667 1.1566 198.6667
v  -149.3333 1.1566 198.6667
v  -140.6667 1.1566 198.6667
v  -139.3333 1.1566 198.6667
v  -130.6667 1.1566 198.6667
v  -165.6667 1.1566 176.3333
v  -129.3333 1.1566 198.6667
v  -166.0000 1.1566 175.6667
v  -166.3333 1.1566 175.6667
v  -168.0000 1.1566 174.0000
v  -162.6667 1.1566 174.6667
v  -164.0000 1.1566 174.6667
v  -161.6667 1.1566 173.6667
v  -162.0000 1.1566 170.6667
v  -120.6667 1.1566 198.6667
v  -85.3333 1.1566 170.6667
v  -119.3333 1.1566 198.6667
v  -110.6667 1.1566 198.6667
v  -109.3333 1.1566 198.6667
v  -100.6667 1.1566 198.6667
v  -99.3333 1.1566 198.6667
v  -90.6667 1.1566 198.6667
v  -89.3333 1.1566 198.6667
v  -151.3333 1.1566 156.0000
v  -85.3333 1.1566 198.6667
v  -85.3333 1.1566 199.0000
v  -80.6667 1.1566 198.6667
v  -163.0000 1.1566 169.6667
v  -79.3333 1.1566 198.6667
v  -166.0000 1.1566 169.0000
v  -70.6667 1.1566 198.6667
v  -152.0000 1.1566 155.3333
v  -117.0000 1.1566 156.0000
v  -168.6667 1.1566 169.0000
v  -116.3333 1.1566 155.3333
v  -152.0000 1.1566 104.3333
v  -52.0000 1.1566 175.6667
v  -52.6667 1.1566 170.6667
v  -53.0000 1.1566 165.0000
v  -170.3333 1.1566 170.6667
v  -51.0000 1.1566 184.3333
v  -69.3333 1.1566 198.6667
v  -60.6667 1.1566 198.6667
v  -50.0000 1.1566 182.6667
v  -51.3333 1.1566 176.3333
v  -51.6667 1.1566 194.3333
v  -59.3333 1.1566 198.6667
v  -48.6667 1.1566 176.3333
v  -50.6667 1.1566 198.6667
v  -51.0000 1.1566 195.0000
v  -44.6667 1.1566 195.6667
v  -49.0000 1.1566 182.6667
v  -20.6667 1.1566 198.0000
v  -49.3333 1.1566 198.6667
v  -40.6667 1.1566 198.6667
v  -39.3333 1.1566 198.6667
v  -30.6667 1.1566 198.6667
v  -29.3333 1.1566 198.6667
v  -20.6667 1.1566 198.6667
v  -43.3333 1.1566 195.6667
v  -30.0000 1.1566 182.6667
v  -42.3333 1.1566 183.3333
v  -35.0000 1.1566 183.0000
v  -37.0000 1.1566 184.0000
v  -41.6667 1.1566 184.0000
v  -36.3333 1.1566 194.6667
v  -42.3333 1.1566 194.6667
v  -35.3333 1.1566 195.6667
v  -33.6667 1.1566 195.6667
v  -21.6667 1.1566 197.0000
v  -19.3333 1.1566 198.0000
v  -19.3333 1.1566 198.6667
v  -10.6667 1.1566 198.6667
v  -18.3333 1.1566 197.0000
v  -21.3333 1.1566 195.6667
v  -27.6667 1.1566 195.0000
v  -27.0000 1.1566 194.3333
v  -21.6667 1.1566 189.0000
v  -27.6667 1.1566 188.0000
v  -9.3333 1.1566 198.6667
v  -20.6667 1.1566 188.0000
v  -18.3333 1.1566 189.0000
v  -27.6667 1.1566 184.6667
v  -18.3333 1.1566 182.0000
v  -0.6667 1.1566 198.6667
v  -19.3333 1.1566 188.0000
v  0.0000 1.1566 198.6667
v  -19.3333 1.1566 183.0000
v  -20.6667 1.1566 183.0000
v  -28.3333 1.1566 183.0000
v  -21.0000 1.1566 182.6667
v  -28.6667 1.1566 182.6667
v  -21.6667 1.1566 182.0000
v  -21.3333 1.1566 176.3333
v  0.0000 1.1566 170.6667
v  -18.3333 1.1566 174.0000
v  0.6667 1.1566 198.6667
v  9.3333 1.1566 198.6667
v  10.6667 1.1566 198.6667
v  19.3333 1.1566 198.6667
v  20.6667 1.1566 198.6667
v  29.3333 1.1566 198.6667
v  30.6667 1.1566 198.6667
v  39.3333 1.1566 198.6667
v  -19.3333 1.1566 173.0000
v  40.6667 1.1566 198.6667
v  -31.6667 1.1566 175.3333
v  -43.3333 1.1566 175.3333
v  -28.3333 1.1566 175.3333
v  -36.0000 1.1566 175.0000
v  -21.3333 1.1566 175.3333
v  -36.6667 1.1566 174.3333
v  -27.6667 1.1566 174.6667
v  -21.6667 1.1566 174.0000
v  -27.6667 1.1566 173.0000
v  -20.6667 1.1566 173.0000
v  -43.3333 1.1566 170.6667
v  -27.3333 1.1566 170.6667
v  -36.6667 1.1566 170.6667
v  -41.3333 1.1566 169.0000
v  -43.3333 1.1566 169.6667
v  -41.3333 1.1566 165.0000
v  -36.3333 1.1566 163.3333
v  -42.0000 1.1566 164.3333
v  -44.6667 1.1566 163.3333
v  -44.0000 1.1566 164.3333
v  -35.6667 1.1566 162.6667
v  -46.6667 1.1566 163.3333
v  -19.3333 1.1566 168.0000
v  -18.3333 1.1566 167.0000
v  -18.3333 1.1566 159.0000
v  -20.6667 1.1566 168.0000
v  -27.3333 1.1566 168.0000
v  -21.6667 1.1566 167.0000
v  -27.3333 1.1566 163.6667
v  -21.3333 1.1566 162.6667
v  -28.0000 1.1566 163.0000
v  -32.6667 1.1566 162.6667
v  -21.6667 1.1566 159.0000
v  -20.6667 1.1566 158.0000
v  -49.0000 1.1566 156.6667
v  -48.0000 1.1566 156.6667
v  -52.0000 1.1566 164.0000
v  -50.0000 1.1566 155.6667
v  -50.0000 1.1566 154.3333
v  -42.0000 1.1566 156.6667
v  -49.0000 1.1566 153.3333
v  -41.0000 1.1566 156.6667
v  -26.0000 1.1566 108.0000
v  -48.0000 1.1566 153.3333
v  -42.0000 1.1566 153.3333
v  -41.0000 1.1566 153.3333
v  -34.0000 1.1566 156.6667
v  -33.0000 1.1566 156.6667
v  -27.0000 1.1566 156.6667
v  -26.0000 1.1566 156.6667
v  -35.0000 1.1566 155.6667
v  -40.0000 1.1566 155.6667
v  -40.0000 1.1566 154.3333
v  -35.0000 1.1566 154.3333
v  -19.3333 1.1566 158.0000
v  -34.0000 1.1566 153.3333
v  -25.0000 1.1566 155.6667
v  -25.0000 1.1566 154.3333
v  -26.0000 1.1566 153.3333
v  -25.3333 1.1566 108.6667
v  -33.0000 1.1566 153.3333
v  -27.0000 1.1566 153.3333
v  0.0000 1.1566 108.6667
v  35.3333 1.1566 134.0000
v  44.3333 1.1566 134.0000
v  34.6667 1.1566 133.3333
v  4.0000 1.1566 108.6667
v  34.6667 1.1566 131.6667
v  35.3333 1.1566 131.0000
v  44.3333 1.1566 131.0000
v  49.3333 1.1566 198.6667
v  50.6667 1.1566 198.6667
v  59.3333 1.1566 198.6667
v  60.6667 1.1566 198.6667
v  69.3333 1.1566 198.6667
v  70.6667 1.1566 198.6667
v  79.3333 1.1566 198.6667
v  80.6667 1.1566 198.6667
v  85.3333 1.1566 198.6667
v  85.3333 1.1566 199.0000
v  89.3333 1.1566 198.6667
v  90.6667 1.1566 198.6667
v  99.3333 1.1566 198.6667
v  100.6667 1.1566 198.6667
v  118.0000 1.1566 178.0000
v  117.3333 1.1566 176.3333
v  109.3333 1.1566 198.6667
v  110.6667 1.1566 198.6667
v  119.3333 1.1566 198.6667
v  119.3333 1.1566 178.0000
v  120.6667 1.1566 198.6667
v  121.3333 1.1566 178.0000
v  120.0000 1.1566 177.3333
v  120.6667 1.1566 176.0000
v  120.0000 1.1566 175.6667
v  122.6667 1.1566 178.0000
v  122.3333 1.1566 172.6667
v  129.3333 1.1566 198.6667
v  130.6667 1.1566 198.6667
v  118.6667 1.1566 172.6667
v  139.3333 1.1566 198.6667
v  128.6667 1.1566 170.6667
v  124.0000 1.1566 172.6667
v  128.6667 1.1566 172.6667
v  131.3333 1.1566 176.3333
v  123.6667 1.1566 176.3333
v  132.0000 1.1566 175.6667
v  160.6667 1.1566 198.6667
v  169.3333 1.1566 198.6667
v  170.6667 1.1566 198.6667
v  179.3333 1.1566 198.6667
v  180.6667 1.1566 198.6667
v  189.3333 1.1566 198.6667
v  190.6667 1.1566 198.6667
v  199.0000 1.1566 198.6667
v  0.0000 1.1566 76.3333
v  -2.3333 1.1566 76.3333
v  -2.3333 1.1566 79.0000
v  23.0000 1.1566 76.3333
v  -2.3333 1.1566 83.0000
v  -3.0000 1.1566 82.3333
v  -3.0000 1.1566 79.6667
v  -2.3333 1.1566 85.3333
v  -5.0000 1.1566 82.3333
v  -2.3333 1.1566 91.0000
v  -5.0000 1.1566 79.6667
v  0.0000 1.1566 95.6667
v  23.0000 1.1566 95.6667
v  -3.0000 1.1566 94.3333
v  -2.3333 1.1566 95.6667
v  -3.0000 1.1566 91.6667
v  -5.0000 1.1566 94.3333
v  -5.0000 1.1566 91.6667
v  -22.6667 1.1566 82.3333
v  -5.6667 1.1566 83.0000
v  -22.6667 1.1566 79.6667
v  -22.6667 1.1566 85.3333
v  -5.6667 1.1566 79.0000
v  -22.6667 1.1566 76.3333
v  -5.6667 1.1566 76.3333
v  -5.6667 1.1566 85.3333
v  -22.6667 1.1566 86.6667
v  -5.6667 1.1566 86.6667
v  -22.6667 1.1566 94.3333
v  -5.6667 1.1566 95.0000
v  -22.6667 1.1566 105.3333
v  -5.6667 1.1566 105.3333
v  -22.6667 1.1566 91.6667
v  -5.6667 1.1566 90.0000
v  -22.6667 1.1566 90.0000
v  85.3333 1.1566 10.0000
v  82.0000 1.1566 9.3333
v  80.3333 1.1566 9.6667
v  68.0000 1.1566 9.6667
v  77.3333 1.1566 9.3333
v  74.6667 1.1566 8.0000
v  75.0000 1.1566 1.3333
v  77.3333 1.1566 0.3333
v  85.3333 1.1566 0.3333
v  92.3333 1.1566 0.6667
v  75.0000 1.1566 35.3333
v  68.0000 1.1566 43.0000
v  75.3333 1.1566 41.6667
v  78.3333 1.1566 33.6667
v  85.3333 1.1566 33.3333
v  91.6667 1.1566 33.0000
v  78.0000 1.1566 43.0000
v  68.0000 1.1566 54.6667
v  93.0000 1.1566 10.0000
v  85.3333 1.1566 54.6667
v  82.3333 1.1566 43.0000
v  83.0000 1.1566 43.0000
v  85.3333 1.1566 42.6667
v  93.6667 1.1566 42.3333
v  95.6667 1.1566 40.0000
v  113.3333 1.1566 54.6667
v  114.0000 1.1566 52.6667
v  93.0000 1.1566 33.0000
v  117.0000 1.1566 52.6667
v  142.0000 1.1566 33.0000
v  95.3333 1.1566 35.0000
v  143.6667 1.1566 10.0000
v  143.6667 1.1566 32.3333
v  94.0000 1.1566 9.3333
v  142.6667 1.1566 35.0000
v  144.3333 1.1566 9.3333
v  95.3333 1.1566 7.6667
v  95.3333 1.1566 3.0000
v  95.6667 1.1566 35.6667
v  165.3333 1.1566 9.3333
v  142.6667 1.1566 35.6667
v  144.0000 1.1566 35.6667
v  144.3333 1.1566 35.0000
v  142.0000 1.1566 37.6667
v  147.3333 1.1566 33.6667
v  147.3333 1.1566 37.3333
v  170.6667 1.1566 11.3333
v  166.0000 1.1566 11.3333
v  195.3333 1.1566 11.3333
v  196.0000 1.1566 12.0000
v  199.0000 1.1566 54.6667
v  196.0000 1.1566 46.3333
v  195.3333 1.1566 47.0000
v  170.6667 1.1566 54.6667
v  170.6667 1.1566 47.0000
v  144.3333 1.1566 47.0000
v  143.0000 1.1566 54.6667
v  141.3333 1.1566 52.6667
v  143.6667 1.1566 46.3333
v  139.6667 1.1566 52.6667
v  138.6667 1.1566 53.6667
v  117.6667 1.1566 53.6667
v  143.6667 1.1566 38.6667
v  147.0000 1.1566 43.6667
v  170.6667 1.1566 43.6667
v  170.6667 1.1566 24.3333
v  147.3333 1.1566 24.3333
v  172.3333 1.1566 37.0000
v  172.3333 1.1566 41.0000
v  172.3333 1.1566 43.6667
v  173.0000 1.1566 37.6667
v  173.0000 1.1566 40.3333
v  175.0000 1.1566 37.6667
v  172.3333 1.1566 29.0000
v  175.0000 1.1566 40.3333
v  173.0000 1.1566 25.6667
v  172.3333 1.1566 24.3333
v  173.0000 1.1566 28.3333
v  175.0000 1.1566 25.6667
v  175.0000 1.1566 28.3333
v  192.6667 1.1566 37.6667
v  175.6667 1.1566 37.0000
v  192.6667 1.1566 33.3333
v  175.6667 1.1566 33.3333
v  192.6667 1.1566 40.3333
v  175.6667 1.1566 41.0000
v  192.6667 1.1566 43.6667
v  175.6667 1.1566 43.6667
v  192.6667 1.1566 25.6667
v  175.6667 1.1566 25.0000
v  192.6667 1.1566 14.6667
v  175.6667 1.1566 14.6667
v  192.6667 1.1566 28.3333
v  175.6667 1.1566 30.0000
v  192.6667 1.1566 30.0000
v  -174.0000 1.1566 168.3333
v  -171.3333 1.1566 170.6667
v  -170.6667 1.1566 171.0000
v  -171.0000 1.1566 171.3333
v  -151.3333 1.1566 103.6667
v  -130.3333 1.1566 85.3333
v  -142.6667 1.1566 102.0000
v  -143.6667 1.1566 103.6667
v  -141.3333 1.1566 102.0000
v  -131.3333 1.1566 84.3333
v  -131.3333 1.1566 83.3333
v  -129.0000 1.1566 81.0000
v  -127.6667 1.1566 81.0000
v  -139.3333 1.1566 102.0000
v  -128.3333 1.1566 87.3333
v  -140.0000 1.1566 102.6667
v  -140.6667 1.1566 104.0000
v  -140.0000 1.1566 104.3333
v  -138.0000 1.1566 102.0000
v  -142.3333 1.1566 107.3333
v  -137.3333 1.1566 103.6667
v  -138.6667 1.1566 107.3333
v  -115.0000 1.1566 103.6667
v  -89.0000 1.1566 75.6667
v  -142.0000 1.1566 132.3333
v  -144.0000 1.1566 107.3333
v  -105.6667 1.1566 85.3333
v  -124.6667 1.1566 84.0000
v  -124.6667 1.1566 85.3333
v  -107.6667 1.1566 87.3333
v  -126.6667 1.1566 87.3333
v  -109.3333 1.1566 88.6667
v  -109.3333 1.1566 91.0000
v  -107.6667 1.1566 92.3333
v  -104.0000 1.1566 85.3333
v  -85.3333 1.1566 85.3333
v  -87.6667 1.1566 77.0000
v  -85.3333 1.1566 77.0000
v  -102.6667 1.1566 86.3333
v  -84.3333 1.1566 76.0000
v  -101.3333 1.1566 89.6667
v  -67.6667 1.1566 57.3333
v  -67.0000 1.1566 56.3333
v  -102.3333 1.1566 89.0000
v  -84.3333 1.1566 73.3333
v  -85.3333 1.1566 72.3333
v  -87.6667 1.1566 72.3333
v  -101.3333 1.1566 92.0000
v  -97.3333 1.1566 107.6667
v  -99.0000 1.1566 106.0000
v  -103.0000 1.1566 93.3333
v  -104.6667 1.1566 93.3333
v  -97.0000 1.1566 109.6667
v  -100.3333 1.1566 106.0000
v  -105.6667 1.1566 92.0000
v  -114.3333 1.1566 104.3333
v  -114.3333 1.1566 106.0000
v  -103.6667 1.1566 108.6667
v  -114.3333 1.1566 112.3333
v  -103.3333 1.1566 110.3333
v  -101.6667 1.1566 112.3333
v  -114.3333 1.1566 125.3333
v  -100.3333 1.1566 112.3333
v  -116.3333 1.1566 126.0000
v  -26.0000 1.1566 85.3333
v  -26.0000 1.1566 73.6667
v  -9.6667 1.1566 56.3333
v  -25.3333 1.1566 73.0000
v  -8.3333 1.1566 56.3333
v  0.0000 1.1566 56.3333
v  -16.3333 1.1566 53.3333
v  -17.3333 1.1566 52.3333
v  -17.3333 1.1566 50.6667
v  -67.0000 1.1566 30.3333
v  -8.0000 1.1566 30.3333
v  -37.3333 1.1566 27.0000
v  -67.0000 1.1566 27.0000
v  -53.3333 1.1566 18.0000
v  -36.0000 1.1566 27.0000
v  -31.6667 1.1566 19.6667
v  -67.0000 1.1566 9.3333
v  -53.3333 1.1566 16.6667
v  -49.0000 1.1566 9.3333
v  -31.6667 1.1566 18.0000
v  -67.0000 1.1566 0.0000
v  -47.6667 1.1566 9.3333
v  -6.6667 1.1566 30.3333
v  -4.0000 1.1566 2.3333
v  0.0000 1.1566 30.3333
v  -4.0000 1.1566 0.0000
v  -37.6667 1.1566 -17.6667
v  -4.0000 1.1566 -2.3333
v  -39.3333 1.1566 -17.6667
v  -67.0000 1.1566 -17.6667
v  -45.6667 1.1566 -20.0000
v  -46.6667 1.1566 -21.0000
v  -46.6667 1.1566 -22.6667
v  -67.0000 1.1566 -43.3333
v  -38.3333 1.1566 -43.3333
v  -36.3333 1.1566 -43.3333
v  -29.6667 1.1566 -40.6667
v  -29.0000 1.1566 -38.6667
v  -36.3333 1.1566 -19.3333
v  -4.3333 1.1566 -46.0000
v  0.0000 1.1566 -46.0000
v  -119.6667 1.1566 152.6667
v  -119.6667 1.1566 135.6667
v  -130.0000 1.1566 135.6667
v  -135.0000 1.1566 152.6667
v  -135.0000 1.1566 135.6667
v  -133.3333 1.1566 135.0000
v  -130.6667 1.1566 135.0000
v  -133.3333 1.1566 133.0000
v  -130.6667 1.1566 133.0000
v  -130.0000 1.1566 132.3333
v  -134.0000 1.1566 132.3333
v  -129.3333 1.1566 107.3333
v  -129.3333 1.1566 132.3333
v  -137.0000 1.1566 107.3333
v  -146.0000 1.1566 132.3333
v  -148.6667 1.1566 107.3333
v  -149.0000 1.1566 132.3333
v  -145.3333 1.1566 133.0000
v  -142.6667 1.1566 133.0000
v  -142.6667 1.1566 135.0000
v  -145.3333 1.1566 135.0000
v  -142.0000 1.1566 135.6667
v  -146.0000 1.1566 135.6667
v  -149.0000 1.1566 152.6667
v  -149.0000 1.1566 135.6667
v  -138.3333 1.1566 152.6667
v  -138.3333 1.1566 135.6667
v  128.6667 1.1566 147.6667
v  126.0000 1.1566 147.6667
v  122.0000 1.1566 147.6667
v  125.3333 1.1566 147.0000
v  122.6667 1.1566 147.0000
v  122.6667 1.1566 145.0000
v  125.3333 1.1566 145.0000
v  122.0000 1.1566 144.3333
v  126.0000 1.1566 144.3333
v  109.3333 1.1566 170.6667
v  117.0000 1.1566 172.6667
v  109.3333 1.1566 172.6667
v  114.0000 1.1566 147.6667
v  110.0000 1.1566 147.6667
v  109.3333 1.1566 147.6667
v  113.3333 1.1566 147.0000
v  110.6667 1.1566 147.0000
v  110.6667 1.1566 145.0000
v  113.3333 1.1566 145.0000
v  110.0000 1.1566 144.3333
v  115.0000 1.1566 144.3333
v  115.0000 1.1566 127.3333
v  99.6667 1.1566 127.3333
v  99.6667 1.1566 144.3333
v  118.3333 1.1566 127.3333
v  118.3333 1.1566 144.3333
v  128.6667 1.1566 127.3333
v  128.6667 1.1566 144.3333
v  80.6667 1.1566 -198.6667
v  85.3333 1.1566 -198.6667
v  85.3333 1.1566 -7.3333
v  59.3333 1.1566 131.0000
v  60.0000 1.1566 131.6667
v  60.0000 1.1566 133.3333
v  59.3333 1.1566 134.0000
v  50.3333 1.1566 131.0000
v  50.3333 1.1566 134.0000
v  49.6667 1.1566 131.6667
v  45.0000 1.1566 131.6667
v  49.6667 1.1566 133.3333
v  45.0000 1.1566 133.3333
# 1618 vertices

vn 0.0000 1.0000 0.0000
vn -0.0001 1.0000 0.0003
vn -0.0378 0.9993 0.0000
vn -0.0456 0.9990 0.0000
vn -0.0047 1.0000 0.0000
vn -0.0011 1.0000 0.0000
vn -0.0005 1.0000 -0.0050
vn 0.0000 0.9991 -0.0420
vn -0.0261 0.9988 -0.0413
vn -0.0171 0.9998 -0.0114
vn 0.0038 1.0000 0.0019
vn 0.0057 1.0000 -0.0029
vn 0.0012 1.0000 0.0006
vn 0.2408 0.9631 0.1204
vn 0.0005 1.0000 -0.0002
vn 0.1638 0.9831 -0.0819
vn 0.0014 1.0000 -0.0009
vn 0.0069 1.0000 -0.0034
vn 0.0045 1.0000 0.0022
vn 0.0056 1.0000 -0.0028
vn -0.0003 0.9998 -0.0202
vn 0.0017 1.0000 -0.0008
vn 0.0124 0.9999 -0.0062
vn 0.0210 0.9990 -0.0399
vn 0.0394 0.9969 0.0686
vn 0.1644 0.9864 0.0000
vn 0.0034 0.9998 0.0183
vn 0.0403 0.9992 0.0078
vn -0.0014 1.0000 0.0060
vn -0.0008 1.0000 0.0065
vn 0.0000 0.9864 -0.1644
# 31 vertex normals

o ExportedNavMesh
g ExportedNavMesh
usemtl ExportedNavMeshMat
s off
f 1//1 2//1 3//1 
f 1//1 4//1 2//1 
f 5//1 4//1 1//1 
f 5//1 1//1 6//1 
f 7//1 6//1 1//1 
f 7//1 8//1 6//1 
f 9//1 8//1 7//1 
f 9//1 7//1 10//1 
f 11//1 9//1 10//1 
f 11//1 10//1 12//1 
f 11//1 12//1 13//1 
f 11//1 13//1 14//1 
f 15//2 14//1 13//1 
f 15//2 13//1 16//1 
f 15//2 16//1 17//1 
f 17//1 18//1 15//2 
f 17//1 19//1 18//1 
f 20//1 15//2 18//1 
f 20//1 18//1 21//1 
f 21//1 22//1 20//1 
f 22//1 23//1 20//1 
f 22//1 24//1 23//1 
f 20//1 25//1 15//2 
f 20//1 26//1 25//1 
f 25//1 27//1 15//2 
f 15//2 27//1 28//1 
f 15//2 29//1 14//1 
f 15//2 30//1 29//1 
f 15//2 31//1 30//1 
f 32//1 31//1 15//2 
f 33//1 14//1 29//1 
f 29//1 34//1 33//1 
f 33//1 35//1 14//1 
f 33//1 36//1 35//1 
f 37//1 35//1 36//1 
f 37//1 38//1 35//1 
f 39//1 38//1 37//1 
f 39//1 37//1 40//1 
f 41//1 39//1 40//1 
f 41//1 42//1 39//1 
f 42//1 41//1 43//1 
f 34//1 44//1 33//1 
f 45//1 44//1 34//1 
f 44//1 46//1 33//1 
f 42//1 43//1 47//1 
f 43//1 48//1 47//1 
f 42//1 47//1 49//1 
f 49//1 47//1 50//1 
f 50//1 51//1 49//1 
f 50//1 52//1 51//1 
f 52//1 53//1 51//1 
f 54//1 51//1 53//1 
f 54//1 53//1 55//1 
f 55//1 56//1 54//1 
f 55//1 57//1 56//1 
f 55//1 58//1 57//1 
f 55//1 59//1 58//1 
f 58//1 60//1 57//1 
f 61//1 60//1 58//1 
f 61//1 62//1 60//1 
f 61//1 63//1 62//1 
f 61//1 64//1 63//1 
f 63//1 64//1 65//1 
f 63//1 65//1 66//1 
f 65//1 67//1 66//1 
f 67//1 68//1 66//1 
f 67//1 69//1 68//1 
f 68//1 69//1 70//1 
f 68//1 70//1 71//1 
f 70//1 72//1 71//1 
f 70//1 73//1 72//1 
f 74//1 72//1 73//1 
f 74//1 73//1 75//1 
f 75//1 76//1 74//1 
f 76//1 75//1 77//1 
f 76//1 77//1 78//1 
f 76//1 78//1 79//1 
f 76//1 79//1 80//1 
f 76//1 80//1 81//1 
f 82//1 81//1 80//1 
f 83//1 81//1 82//1 
f 84//1 83//1 82//1 
f 84//1 85//1 83//1 
f 85//1 84//1 86//1 
f 85//1 86//1 87//1 
f 86//1 88//1 87//1 
f 89//1 87//1 88//1 
f 88//1 90//1 89//1 
f 88//1 91//1 90//1 
f 91//1 92//1 90//1 
f 92//1 91//1 93//1 
f 94//1 92//1 93//1 
f 94//1 93//1 95//1 
f 95//1 96//1 94//1 
f 96//1 95//1 97//1 
f 98//1 96//1 97//1 
f 98//1 97//1 99//1 
f 99//1 100//1 98//1 
f 101//1 98//1 100//1 
f 102//1 101//1 100//1 
f 102//1 103//1 101//1 
f 102//1 104//1 103//1 
f 105//1 103//1 104//1 
f 104//1 106//1 105//1 
f 104//1 107//1 106//1 
f 107//1 108//1 106//1 
f 108//1 107//1 109//1 
f 110//1 108//1 109//1 
f 110//1 109//1 111//1 
f 111//1 112//1 110//1 
f 112//1 111//1 113//1 
f 113//1 114//1 112//1 
f 113//1 115//1 114//1 
f 116//1 114//1 115//1 
f 117//1 115//1 113//1 
f 118//1 117//1 113//1 
f 118//1 119//1 117//1 
f 119//1 118//1 120//1 
f 119//1 120//1 121//1 
f 122//1 121//1 120//1 
f 122//1 120//1 123//1 
f 123//1 124//1 122//1 
f 125//1 124//1 123//1 
f 125//1 126//1 124//1 
f 126//1 127//1 124//1 
f 126//1 128//1 127//1 
f 129//1 127//1 128//1 
f 117//1 130//1 115//1 
f 130//1 131//1 115//1 
f 130//1 132//1 131//1 
f 131//1 132//1 133//1 
f 129//1 134//1 127//1 
f 131//1 133//1 135//1 
f 136//1 134//1 129//1 
f 136//1 129//1 137//1 
f 136//1 137//1 138//1 
f 137//1 139//1 138//1 
f 140//1 138//1 139//1 
f 140//1 139//1 141//1 
f 140//1 141//1 142//1 
f 141//1 143//1 142//1 
f 143//1 144//1 142//1 
f 143//1 145//1 144//1 
f 144//1 145//1 146//1 
f 144//1 146//1 147//1 
f 148//1 134//1 136//1 
f 148//1 149//1 134//1 
f 148//1 150//1 149//1 
f 150//1 151//1 149//1 
f 150//1 152//1 151//1 
f 153//1 151//1 152//1 
f 154//1 153//1 152//1 
f 155//1 148//1 136//1 
f 155//1 156//1 148//1 
f 155//1 136//1 157//1 
f 157//1 158//1 155//1 
f 157//1 159//1 158//1 
f 157//1 160//1 159//1 
f 160//1 161//1 159//1 
f 162//1 161//1 160//1 
f 162//1 163//1 161//1 
f 154//1 164//1 153//1 
f 154//1 165//1 164//1 
f 154//1 166//1 165//1 
f 166//1 154//1 167//1 
f 168//1 166//1 167//1 
f 168//1 167//1 169//1 
f 168//1 169//1 170//1 
f 171//1 170//1 169//1 
f 171//1 172//1 170//1 
f 171//1 173//1 172//1 
f 171//1 174//1 173//1 
f 171//1 175//1 174//1 
f 153//1 164//1 176//1 
f 153//1 176//1 177//1 
f 164//1 178//3 176//1 
f 164//1 179//4 178//3 
f 177//1 176//1 180//1 
f 180//1 181//1 177//1 
f 180//1 182//1 181//1 
f 180//1 183//1 182//1 
f 184//5 178//3 179//4 
f 184//5 179//4 185//6 
f 186//1 184//5 185//6 
f 186//1 187//1 184//5 
f 187//1 188//1 184//5 
f 186//1 185//6 189//1 
f 185//6 190//1 189//1 
f 185//6 191//1 190//1 
f 185//6 192//1 191//1 
f 186//1 189//1 193//1 
f 186//1 193//1 194//1 
f 193//1 195//1 194//1 
f 193//1 196//1 195//1 
f 195//1 196//1 197//1 
f 195//1 197//1 198//1 
f 199//1 198//1 197//1 
f 199//1 200//1 198//1 
f 200//1 199//1 201//1 
f 201//1 202//1 200//1 
f 201//1 203//1 202//1 
f 203//1 204//1 202//1 
f 203//1 205//1 204//1 
f 205//1 206//1 204//1 
f 207//1 205//1 203//1 
f 205//1 208//1 206//1 
f 207//1 203//1 209//1 
f 210//1 206//1 208//1 
f 211//1 207//1 209//1 
f 210//1 208//1 212//1 
f 212//1 213//1 210//1 
f 212//1 214//1 213//1 
f 214//1 215//1 213//1 
f 216//1 215//1 214//1 
f 216//1 217//1 215//1 
f 218//1 217//1 216//1 
f 218//1 219//1 217//1 
f 218//1 220//1 219//1 
f 220//1 221//1 219//1 
f 220//1 222//1 221//1 
f 222//1 223//1 221//1 
f 222//1 224//1 223//1 
f 224//1 225//1 223//1 
f 224//1 226//1 225//1 
f 226//1 227//1 225//1 
f 228//1 227//1 226//1 
f 228//1 229//1 227//1 
f 230//1 229//1 228//1 
f 230//1 231//1 229//1 
f 232//1 231//1 230//1 
f 232//1 230//1 233//1 
f 233//1 234//1 235//1 
f 232//1 235//1 234//1 
f 236//1 232//1 234//1 
f 236//1 234//1 237//1 
f 238//1 236//1 237//1 
f 238//1 237//1 239//1 
f 238//1 239//1 240//1 
f 238//1 240//1 241//1 
f 242//1 241//1 240//1 
f 242//1 240//1 243//1 
f 244//1 242//1 243//1 
f 245//1 243//1 240//1 
f 244//1 243//1 246//1 
f 245//1 240//1 247//1 
f 244//1 246//1 248//1 
f 249//1 245//1 247//1 
f 248//1 246//1 250//1 
f 248//1 250//1 251//1 
f 251//1 250//1 252//1 
f 251//1 252//1 253//1 
f 253//1 252//1 254//1 
f 255//1 253//1 254//1 
f 255//1 254//1 256//1 
f 257//1 255//1 256//1 
f 257//1 256//1 258//1 
f 259//1 257//1 258//1 
f 259//1 258//1 260//1 
f 261//1 259//1 260//1 
f 261//1 260//1 262//1 
f 261//1 262//1 263//1 
f 264//1 263//1 262//1 
f 264//1 265//1 263//1 
f 264//1 266//1 265//1 
f 264//1 267//1 266//1 
f 268//1 266//1 267//1 
f 268//1 269//1 266//1 
f 268//1 270//1 269//1 
f 267//1 264//1 271//1 
f 272//1 271//1 264//1 
f 272//1 273//1 271//1 
f 268//1 267//1 274//1 
f 275//1 273//1 272//1 
f 272//1 276//1 275//1 
f 275//1 277//1 273//1 
f 277//1 278//1 273//1 
f 275//1 279//1 277//1 
f 275//1 280//1 279//1 
f 281//7 270//1 268//1 
f 281//7 268//1 282//1 
f 283//1 268//1 274//1 
f 283//1 284//1 268//1 
f 283//1 285//1 284//1 
f 283//1 286//1 285//1 
f 283//1 274//1 287//1 
f 274//1 288//1 287//1 
f 287//1 289//1 283//1 
f 287//1 290//1 289//1 
f 281//7 291//1 270//1 
f 291//1 292//1 270//1 
f 281//7 293//8 291//1 
f 281//7 294//9 293//8 
f 281//7 295//10 294//9 
f 295//10 296//1 294//9 
f 295//10 297//1 296//1 
f 296//1 297//1 298//1 
f 135//1 296//1 298//1 
f 297//1 299//1 298//1 
f 135//1 298//1 131//1 
f 299//1 300//1 298//1 
f 298//1 301//1 131//1 
f 302//1 300//1 299//1 
f 303//1 298//1 302//1 
f 301//1 304//1 131//1 
f 304//1 305//1 131//1 
f 305//1 306//1 131//1 
f 306//1 307//1 131//1 
f 298//1 308//1 301//1 
f 307//1 309//1 131//1 
f 298//1 310//1 308//1 
f 309//1 311//1 131//1 
f 298//1 312//1 310//1 
f 298//1 313//1 312//1 
f 298//1 314//1 313//1 
f 298//1 315//1 314//1 
f 298//1 316//1 315//1 
f 311//1 317//1 131//1 
f 317//1 318//1 131//1 
f 318//1 319//1 131//1 
f 131//1 319//1 320//1 
f 131//1 320//1 321//1 
f 131//1 321//1 322//1 
f 131//1 322//1 323//1 
f 131//1 323//1 324//1 
f 131//1 324//1 325//1 
f 131//1 325//1 326//1 
f 131//1 326//1 327//1 
f 131//1 327//1 328//1 
f 115//1 131//1 328//1 
f 115//1 328//1 329//1 
f 329//1 330//1 115//1 
f 330//1 331//1 115//1 
f 331//1 332//1 115//1 
f 332//1 333//1 115//1 
f 333//1 334//1 115//1 
f 334//1 335//1 115//1 
f 335//1 336//1 115//1 
f 336//1 337//1 115//1 
f 337//1 336//1 338//1 
f 338//1 116//1 115//1 
f 338//1 339//1 116//1 
f 339//1 340//1 116//1 
f 340//1 341//1 116//1 
f 341//1 340//1 342//1 
f 343//1 344//1 345//1 
f 346//1 343//1 345//1 
f 346//1 345//1 298//1 
f 298//1 347//1 346//1 
f 298//1 348//1 347//1 
f 298//1 349//1 348//1 
f 303//1 349//1 298//1 
f 303//1 350//1 349//1 
f 349//1 351//1 348//1 
f 350//1 352//1 349//1 
f 353//1 348//1 351//1 
f 350//1 354//1 352//1 
f 355//1 353//1 351//1 
f 354//1 356//1 352//1 
f 355//1 357//1 353//1 
f 356//1 354//1 358//1 
f 359//1 356//1 358//1 
f 359//1 358//1 360//1 
f 355//1 361//1 357//1 
f 362//1 357//1 361//1 
f 361//1 363//1 362//1 
f 361//1 364//1 363//1 
f 364//1 365//1 363//1 
f 365//1 364//1 366//1 
f 367//1 365//1 366//1 
f 367//1 366//1 368//1 
f 368//1 369//1 367//1 
f 360//1 370//1 359//1 
f 360//1 371//1 370//1 
f 372//1 370//1 371//1 
f 372//1 373//1 370//1 
f 372//1 374//1 373//1 
f 374//1 375//1 373//1 
f 374//1 376//1 375//1 
f 376//1 377//1 375//1 
f 369//1 368//1 378//1 
f 379//1 377//1 376//1 
f 379//1 380//1 377//1 
f 379//1 381//1 380//1 
f 378//1 382//1 369//1 
f 381//1 379//1 383//1 
f 378//1 384//1 382//1 
f 384//1 378//1 385//1 
f 384//1 385//1 386//1 
f 384//1 387//1 382//1 
f 388//1 382//1 387//1 
f 389//1 388//1 387//1 
f 389//1 390//1 388//1 
f 389//1 391//1 390//1 
f 392//1 390//1 391//1 
f 391//1 393//1 392//1 
f 391//1 394//1 393//1 
f 394//1 395//1 393//1 
f 395//1 394//1 396//1 
f 397//1 395//1 396//1 
f 397//1 396//1 398//1 
f 399//1 397//1 398//1 
f 399//1 398//1 400//1 
f 400//1 401//1 399//1 
f 401//1 400//1 402//1 
f 403//1 401//1 402//1 
f 403//1 402//1 404//1 
f 404//1 405//1 403//1 
f 406//1 403//1 405//1 
f 407//1 406//1 405//1 
f 407//1 408//1 406//1 
f 408//1 407//1 409//1 
f 408//1 409//1 410//1 
f 409//1 411//1 410//1 
f 409//1 412//1 411//1 
f 412//1 413//1 411//1 
f 411//1 413//1 414//1 
f 411//1 414//1 415//1 
f 415//1 414//1 416//1 
f 416//1 417//1 415//1 
f 416//1 418//1 417//1 
f 418//1 419//1 417//1 
f 419//1 420//1 417//1 
f 419//1 421//1 420//1 
f 422//1 417//1 420//1 
f 422//1 423//1 417//1 
f 424//1 422//1 420//1 
f 420//1 425//1 424//1 
f 420//1 426//1 425//1 
f 427//1 425//1 426//1 
f 427//1 428//1 425//1 
f 427//1 429//1 428//1 
f 427//1 430//1 429//1 
f 430//1 431//1 429//1 
f 430//1 432//1 431//1 
f 432//1 433//1 431//1 
f 433//1 434//1 431//1 
f 433//1 435//1 434//1 
f 436//1 437//1 438//1 
f 436//1 439//1 437//1 
f 439//1 436//1 440//1 
f 439//1 441//1 437//1 
f 46//1 439//1 440//1 
f 439//1 442//1 441//1 
f 439//1 443//1 442//1 
f 444//1 442//1 443//1 
f 46//1 445//1 439//1 
f 444//1 446//1 442//1 
f 447//1 445//1 46//1 
f 44//1 447//1 46//1 
f 447//1 448//1 445//1 
f 447//1 449//1 448//1 
f 448//1 449//1 450//1 
f 448//1 450//1 451//1 
f 452//1 448//1 451//1 
f 453//1 446//1 444//1 
f 453//1 454//1 446//1 
f 455//1 452//1 451//1 
f 451//1 456//1 455//1 
f 455//1 457//1 452//1 
f 452//1 457//1 458//1 
f 455//1 459//1 457//1 
f 456//1 460//1 455//1 
f 456//1 461//1 460//1 
f 461//1 462//1 460//1 
f 461//1 45//1 462//1 
f 461//1 463//1 45//1 
f 45//1 463//1 464//1 
f 45//1 464//1 44//1 
f 465//1 462//1 45//1 
f 465//1 45//1 466//1 
f 467//1 465//1 466//1 
f 467//1 468//1 465//1 
f 468//1 467//1 469//1 
f 468//1 469//1 470//1 
f 468//1 470//1 471//1 
f 455//1 471//1 472//1 
f 471//1 470//1 472//1 
f 455//1 472//1 459//1 
f 473//1 472//1 470//1 
f 473//1 474//1 472//1 
f 475//1 473//1 470//1 
f 476//1 475//1 470//1 
f 477//1 476//1 470//1 
f 477//1 478//1 476//1 
f 479//1 477//1 470//1 
f 477//1 480//1 478//1 
f 478//1 480//1 481//1 
f 480//1 482//1 481//1 
f 478//1 481//1 483//1 
f 478//1 483//1 484//1 
f 484//1 483//1 485//1 
f 478//1 484//1 486//1 
f 486//1 487//1 478//1 
f 488//11 484//1 485//1 
f 488//11 485//1 489//12 
f 490//13 488//11 489//12 
f 490//13 491//14 488//11 
f 490//13 489//12 492//15 
f 489//12 493//16 492//15 
f 492//15 494//1 490//13 
f 492//15 495//17 494//1 
f 494//1 496//18 490//13 
f 492//15 497//19 495//17 
f 498//20 496//18 494//1 
f 498//20 499//16 496//18 
f 494//1 500//1 498//20 
f 494//1 459//1 500//1 
f 459//1 494//1 501//1 
f 459//1 501//1 458//1 
f 502//1 458//1 501//1 
f 502//1 503//1 458//1 
f 501//1 504//1 502//1 
f 501//1 505//1 504//1 
f 502//1 506//1 503//1 
f 502//1 507//1 506//1 
f 508//1 507//1 502//1 
f 508//1 509//1 507//1 
f 506//1 510//1 503//1 
f 506//1 511//1 510//1 
f 511//1 512//1 510//1 
f 513//1 503//1 510//1 
f 513//1 510//1 514//1 
f 515//1 513//1 514//1 
f 515//1 514//1 516//1 
f 516//1 517//1 515//1 
f 516//1 518//1 517//1 
f 519//1 509//1 508//1 
f 519//1 508//1 520//1 
f 521//1 519//1 520//1 
f 519//1 522//1 509//1 
f 522//1 523//1 509//1 
f 524//1 523//1 522//1 
f 521//1 525//1 519//1 
f 526//1 524//1 522//1 
f 526//1 527//1 524//1 
f 526//1 522//1 528//1 
f 526//1 529//1 527//1 
f 526//1 530//1 529//1 
f 531//1 530//1 526//1 
f 531//1 526//1 532//1 
f 533//1 531//1 532//1 
f 518//1 533//1 532//1 
f 518//1 532//1 453//1 
f 518//1 453//1 517//1 
f 453//1 534//1 517//1 
f 453//1 535//1 534//1 
f 444//1 534//1 535//1 
f 526//1 536//1 532//1 
f 536//1 537//1 532//1 
f 526//1 538//1 536//1 
f 532//1 537//1 539//1 
f 526//1 540//1 538//1 
f 541//1 532//1 539//1 
f 526//1 542//1 540//1 
f 543//1 541//1 539//1 
f 543//1 539//1 544//1 
f 544//1 545//1 543//1 
f 545//1 546//1 543//1 
f 547//1 543//1 546//1 
f 547//1 546//1 548//1 
f 549//1 547//1 548//1 
f 549//1 548//1 550//1 
f 551//1 549//1 550//1 
f 543//1 552//1 541//1 
f 553//1 551//1 550//1 
f 554//1 553//1 550//1 
f 554//1 555//1 553//1 
f 554//1 550//1 556//1 
f 552//1 557//1 541//1 
f 558//1 557//1 552//1 
f 558//1 559//1 541//1 
f 558//1 560//1 559//1 
f 558//1 561//1 560//1 
f 561//1 562//1 560//1 
f 561//1 563//1 562//1 
f 561//1 564//1 563//1 
f 564//1 565//1 563//1 
f 564//1 561//1 566//1 
f 564//1 566//1 567//1 
f 568//1 564//1 567//1 
f 568//1 567//1 569//1 
f 570//1 568//1 569//1 
f 571//1 568//1 570//1 
f 572//1 571//1 570//1 
f 572//1 573//1 571//1 
f 572//1 570//1 574//1 
f 574//1 570//1 575//1 
f 576//1 574//1 575//1 
f 573//1 572//1 577//1 
f 576//1 575//1 578//1 
f 578//1 575//1 555//1 
f 579//1 576//1 555//1 
f 554//1 579//1 555//1 
f 573//1 577//1 580//1 
f 581//1 580//1 577//1 
f 581//1 582//1 580//1 
f 581//1 583//1 582//1 
f 583//1 584//1 582//1 
f 584//1 585//1 582//1 
f 583//1 586//1 584//1 
f 584//1 587//1 585//1 
f 586//1 588//1 584//1 
f 589//1 588//1 586//1 
f 587//1 590//1 585//1 
f 587//1 591//1 590//1 
f 589//1 586//1 592//1 
f 593//1 590//1 591//1 
f 594//1 589//1 592//1 
f 593//1 595//1 590//1 
f 596//1 594//1 592//1 
f 593//1 597//1 595//1 
f 598//1 595//1 597//1 
f 593//1 599//1 597//1 
f 593//1 600//1 599//1 
f 593//1 596//1 600//1 
f 596//1 601//1 600//1 
f 596//1 592//1 601//1 
f 592//1 602//1 601//1 
f 592//1 603//1 602//1 
f 604//1 601//1 602//1 
f 604//1 605//1 601//1 
f 592//1 606//1 603//1 
f 607//1 605//1 604//1 
f 606//1 608//1 603//1 
f 607//1 604//1 609//1 
f 610//1 608//1 606//1 
f 611//1 607//1 609//1 
f 612//1 607//1 611//1 
f 613//1 612//1 611//1 
f 611//1 609//1 614//1 
f 614//1 609//1 615//1 
f 614//1 615//1 616//1 
f 617//1 616//1 615//1 
f 617//1 618//1 616//1 
f 618//1 617//1 610//1 
f 619//1 613//1 611//1 
f 619//1 620//1 613//1 
f 619//1 621//1 620//1 
f 621//1 622//1 620//1 
f 621//1 623//1 622//1 
f 624//1 618//1 610//1 
f 624//1 610//1 625//1 
f 626//1 625//1 610//1 
f 626//1 610//1 606//1 
f 624//1 625//1 627//1 
f 628//1 624//1 627//1 
f 629//1 628//1 627//1 
f 606//1 630//1 626//1 
f 606//1 631//1 630//1 
f 629//1 627//1 632//1 
f 554//1 630//1 631//1 
f 554//1 633//1 630//1 
f 554//1 634//1 633//1 
f 554//1 556//1 634//1 
f 635//1 634//1 556//1 
f 635//1 556//1 542//1 
f 636//1 629//1 632//1 
f 637//1 635//1 542//1 
f 637//1 638//1 635//1 
f 637//1 542//1 526//1 
f 637//1 639//1 638//1 
f 637//1 526//1 640//1 
f 526//1 641//1 640//1 
f 528//1 640//1 641//1 
f 639//1 637//1 642//1 
f 639//1 642//1 643//1 
f 643//1 642//1 644//1 
f 643//1 644//1 645//1 
f 636//1 632//1 646//1 
f 647//1 646//1 632//1 
f 636//1 646//1 648//1 
f 636//1 648//1 649//1 
f 647//1 650//1 646//1 
f 650//1 647//1 651//1 
f 650//1 651//1 645//1 
f 652//1 650//1 645//1 
f 652//1 645//1 644//1 
f 653//1 636//1 649//1 
f 653//1 649//1 654//1 
f 655//1 653//1 654//1 
f 656//1 652//1 644//1 
f 657//1 653//1 655//1 
f 656//1 644//1 658//1 
f 657//1 655//1 659//1 
f 660//1 656//1 658//1 
f 657//1 659//1 660//1 
f 660//1 661//1 656//1 
f 660//1 659//1 661//1 
f 660//1 658//1 662//1 
f 657//1 660//1 663//1 
f 664//1 657//1 663//1 
f 664//1 663//1 665//1 
f 666//1 664//1 665//1 
f 664//1 667//1 657//1 
f 667//1 668//1 657//1 
f 668//1 667//1 669//1 
f 668//1 669//1 670//1 
f 668//1 670//1 671//1 
f 672//1 671//1 670//1 
f 673//1 671//1 672//1 
f 666//1 674//1 664//1 
f 673//1 672//1 675//1 
f 672//1 676//1 675//1 
f 675//1 676//1 677//1 
f 675//1 677//1 674//1 
f 673//1 675//1 678//1 
f 675//1 674//1 679//1 
f 666//1 679//1 674//1 
f 673//1 678//1 680//1 
f 678//1 681//1 680//1 
f 681//1 682//1 680//1 
f 682//1 683//1 680//1 
f 683//1 684//1 680//1 
f 666//1 685//1 679//1 
f 685//1 686//1 679//1 
f 685//1 687//1 686//1 
f 688//1 686//1 687//1 
f 688//1 687//1 689//1 
f 688//1 689//1 690//1 
f 690//1 689//1 691//1 
f 690//1 691//1 692//1 
f 690//1 692//1 693//1 
f 690//1 693//1 694//1 
f 683//1 694//1 693//1 
f 683//1 693//1 695//1 
f 683//1 695//1 684//1 
f 695//1 696//1 684//1 
f 695//1 697//1 696//1 
f 696//1 698//1 684//1 
f 696//1 699//1 698//1 
f 699//1 700//1 698//1 
f 701//1 700//1 699//1 
f 696//1 702//1 699//1 
f 696//1 703//1 702//1 
f 703//1 704//1 702//1 
f 705//1 704//1 703//1 
f 705//1 706//1 704//1 
f 707//1 706//1 705//1 
f 707//1 705//1 708//1 
f 707//1 708//1 709//1 
f 710//1 707//1 709//1 
f 699//1 711//1 701//1 
f 711//1 712//1 701//1 
f 711//1 713//1 712//1 
f 699//1 714//1 711//1 
f 714//1 715//1 711//1 
f 714//1 716//1 715//1 
f 714//1 717//1 716//1 
f 718//1 717//1 714//1 
f 718//1 714//1 719//1 
f 720//1 719//1 714//1 
f 714//1 721//1 720//1 
f 721//1 714//1 699//1 
f 721//1 699//1 722//1 
f 723//1 722//1 699//1 
f 720//1 724//1 719//1 
f 725//1 723//1 699//1 
f 699//1 726//1 725//1 
f 699//1 727//1 726//1 
f 726//1 728//1 725//1 
f 725//1 729//1 723//1 
f 729//1 730//1 723//1 
f 725//1 731//1 729//1 
f 732//1 731//1 725//1 
f 733//1 732//1 725//1 
f 734//1 727//1 699//1 
f 734//1 735//1 727//1 
f 734//1 736//1 735//1 
f 736//1 737//1 735//1 
f 699//1 738//1 734//1 
f 736//1 739//1 737//1 
f 739//1 740//1 737//1 
f 741//1 737//1 740//1 
f 739//1 742//1 740//1 
f 741//1 740//1 743//1 
f 742//1 739//1 744//1 
f 744//1 745//1 742//1 
f 744//1 746//1 745//1 
f 747//1 741//1 743//1 
f 747//1 743//1 748//1 
f 749//1 747//1 748//1 
f 746//1 750//1 745//1 
f 750//1 746//1 751//1 
f 752//1 747//1 749//1 
f 750//1 751//1 753//1 
f 752//1 749//1 754//1 
f 750//1 753//1 755//1 
f 752//1 754//1 756//1 
f 757//1 752//1 756//1 
f 758//1 757//1 756//1 
f 754//1 759//1 756//1 
f 760//1 759//1 754//1 
f 760//1 754//1 761//1 
f 758//1 756//1 762//1 
f 761//1 763//1 760//1 
f 763//1 764//1 760//1 
f 761//1 765//1 763//1 
f 765//1 766//1 763//1 
f 765//1 767//1 766//1 
f 768//1 767//1 765//1 
f 768//1 769//1 767//1 
f 769//1 770//1 767//1 
f 769//1 768//1 755//1 
f 769//1 755//1 771//1 
f 771//1 772//1 769//1 
f 771//1 773//1 772//1 
f 755//1 774//1 771//1 
f 775//1 772//1 773//1 
f 755//1 753//1 774//1 
f 775//1 773//1 776//1 
f 774//1 753//1 777//1 
f 774//1 777//1 778//1 
f 779//1 775//1 776//1 
f 779//1 780//1 775//1 
f 781//1 779//1 776//1 
f 782//1 781//1 776//1 
f 783//1 782//1 776//1 
f 783//1 784//1 782//1 
f 783//1 776//1 785//1 
f 753//1 786//1 777//1 
f 753//1 787//1 786//1 
f 788//1 786//1 787//1 
f 778//1 777//1 789//1 
f 778//1 789//1 790//1 
f 777//1 791//1 789//1 
f 777//1 792//1 791//1 
f 792//1 793//1 791//1 
f 792//1 794//1 793//1 
f 794//1 795//1 793//1 
f 794//1 796//1 795//1 
f 796//1 797//1 795//1 
f 790//1 789//1 798//1 
f 790//1 798//1 799//1 
f 790//1 799//1 800//1 
f 796//1 801//1 797//1 
f 800//1 802//1 790//1 
f 800//1 803//1 802//1 
f 801//1 804//1 797//1 
f 803//1 805//1 802//1 
f 801//1 806//1 804//1 
f 801//1 807//1 806//1 
f 808//1 804//1 806//1 
f 809//1 802//1 805//1 
f 809//1 810//1 802//1 
f 702//1 809//1 805//1 
f 702//1 805//1 808//1 
f 806//1 702//1 808//1 
f 806//1 699//1 702//1 
f 807//1 811//1 806//1 
f 811//1 807//1 812//1 
f 813//1 811//1 812//1 
f 813//1 812//1 814//1 
f 806//1 815//1 699//1 
f 699//1 815//1 816//1 
f 814//1 817//1 813//1 
f 817//1 814//1 818//1 
f 817//1 818//1 788//1 
f 817//1 788//1 819//1 
f 819//1 788//1 787//1 
f 699//1 816//1 820//1 
f 820//1 819//1 787//1 
f 820//1 738//1 699//1 
f 820//1 787//1 738//1 
f 821//1 822//1 823//1 
f 822//1 824//1 823//1 
f 824//1 825//1 823//1 
f 825//1 211//1 823//1 
f 211//1 209//1 823//1 
f 826//1 825//1 824//1 
f 826//1 827//1 825//1 
f 826//1 824//1 828//1 
f 828//1 829//1 826//1 
f 830//1 829//1 828//1 
f 830//1 831//1 829//1 
f 832//1 833//1 834//1 
f 833//1 835//1 834//1 
f 836//1 834//1 835//1 
f 836//1 249//1 834//1 
f 249//1 247//1 834//1 
f 837//1 836//1 835//1 
f 837//1 838//1 836//1 
f 837//1 835//1 839//1 
f 839//1 840//1 837//1 
f 841//1 840//1 839//1 
f 841//1 842//1 840//1 
f 843//1 844//1 845//1 
f 843//1 846//1 844//1 
f 847//1 844//1 846//1 
f 846//1 843//1 848//1 
f 846//1 848//1 849//1 
f 850//1 849//1 848//1 
f 850//1 848//1 851//1 
f 851//1 852//1 850//1 
f 850//1 853//1 849//1 
f 851//1 854//1 852//1 
f 855//1 852//1 854//1 
f 856//1 849//1 853//1 
f 857//1 855//1 854//1 
f 857//1 854//1 573//1 
f 857//1 858//1 855//1 
f 859//1 857//1 573//1 
f 857//1 860//1 858//1 
f 573//1 580//1 859//1 
f 580//1 861//1 859//1 
f 580//1 862//1 861//1 
f 860//1 863//1 858//1 
f 860//1 864//1 863//1 
f 862//1 865//1 861//1 
f 862//1 866//1 865//1 
f 598//1 865//1 866//1 
f 867//1 863//1 864//1 
f 598//1 868//1 865//1 
f 868//1 598//1 597//1 
f 867//1 869//1 863//1 
f 870//1 867//1 868//1 
f 870//1 868//1 597//1 
f 870//1 869//1 867//1 
f 870//1 597//1 871//1 
f 870//1 872//1 869//1 
f 872//1 856//1 869//1 
f 856//1 872//1 849//1 
f 870//1 871//1 873//1 
f 873//1 874//1 870//1 
f 873//1 875//1 874//1 
f 876//1 874//1 875//1 
f 876//1 877//1 874//1 
f 876//1 878//1 877//1 
f 879//1 877//1 878//1 
f 880//1 873//1 871//1 
f 879//1 878//1 881//1 
f 882//1 880//1 871//1 
f 882//1 883//1 880//1 
f 882//1 871//1 884//1 
f 881//1 885//1 879//1 
f 886//1 879//1 885//1 
f 887//1 886//1 885//1 
f 881//1 888//1 885//1 
f 888//1 881//1 889//1 
f 888//1 889//1 890//1 
f 891//1 887//1 885//1 
f 891//1 892//1 887//1 
f 888//1 890//1 893//1 
f 890//1 894//1 893//1 
f 891//1 895//1 892//1 
f 894//1 896//1 893//1 
f 897//1 893//1 896//1 
f 895//1 891//1 898//1 
f 897//1 896//1 882//1 
f 896//1 899//1 882//1 
f 899//1 900//1 882//1 
f 900//1 899//1 883//1 
f 895//1 898//1 901//1 
f 901//1 902//1 895//1 
f 898//1 903//1 901//1 
f 904//1 895//1 902//1 
f 904//1 902//1 905//1 
f 898//1 906//1 903//1 
f 849//1 904//1 905//1 
f 906//1 907//1 903//1 
f 849//1 905//1 908//1 
f 906//1 909//1 907//1 
f 849//1 908//1 910//1 
f 908//1 911//1 910//1 
f 849//1 910//1 846//1 
f 911//1 912//1 910//1 
f 912//1 911//1 909//1 
f 910//1 913//1 846//1 
f 909//1 914//1 912//1 
f 909//1 906//1 914//1 
f 906//1 915//1 914//1 
f 914//1 915//1 916//1 
f 915//1 917//1 916//1 
f 846//1 913//1 918//1 
f 918//1 919//1 846//1 
f 918//1 920//1 919//1 
f 847//1 846//1 919//1 
f 921//1 847//1 919//1 
f 922//1 921//1 919//1 
f 922//1 919//1 923//1 
f 923//1 924//1 922//1 
f 925//1 924//1 923//1 
f 925//1 926//1 924//1 
f 926//1 925//1 927//1 
f 926//1 927//1 928//1 
f 926//1 928//1 929//1 
f 930//1 929//1 928//1 
f 930//1 928//1 931//1 
f 931//1 932//1 930//1 
f 933//1 932//1 931//1 
f 933//1 934//1 932//1 
f 931//1 935//1 933//1 
f 931//1 936//1 935//1 
f 931//1 937//1 936//1 
f 938//1 935//1 936//1 
f 938//1 936//1 939//1 
f 939//1 940//1 938//1 
f 941//1 938//1 940//1 
f 940//1 942//1 941//1 
f 940//1 943//1 942//1 
f 944//1 941//1 942//1 
f 944//1 942//1 945//1 
f 945//1 946//1 944//1 
f 947//1 944//1 946//1 
f 947//1 948//1 944//1 
f 949//1 947//1 946//1 
f 949//1 946//1 381//1 
f 381//1 383//1 949//1 
f 950//1 949//1 383//1 
f 951//1 950//1 383//1 
f 951//1 383//1 952//1 
f 953//1 951//1 952//1 
f 953//1 952//1 954//1 
f 954//1 955//1 953//1 
f 954//1 956//1 955//1 
f 956//1 957//1 955//1 
f 957//1 956//1 958//1 
f 959//1 957//1 958//1 
f 959//1 958//1 960//1 
f 960//1 961//1 959//1 
f 962//1 961//1 960//1 
f 962//1 963//1 961//1 
f 962//1 960//1 964//1 
f 962//1 964//1 965//1 
f 966//1 967//1 968//1 
f 966//1 968//1 969//1 
f 968//1 970//1 969//1 
f 968//1 32//1 970//1 
f 970//1 32//1 15//2 
f 470//1 970//1 15//2 
f 470//1 15//2 971//21 
f 470//1 971//21 972//1 
f 972//1 973//1 470//1 
f 973//1 479//1 470//1 
f 973//1 974//1 479//1 
f 973//1 975//1 974//1 
f 974//1 975//1 976//1 
f 975//1 977//1 976//1 
f 974//1 976//1 978//1 
f 974//1 978//1 979//1 
f 979//1 978//1 980//1 
f 974//1 979//1 981//1 
f 981//1 982//1 974//1 
f 983//11 979//1 980//1 
f 983//11 980//1 984//22 
f 984//22 497//19 983//11 
f 497//19 985//14 983//11 
f 984//22 495//17 497//19 
f 984//22 986//23 495//17 
f 984//22 987//16 986//23 
f 986//23 988//24 495//17 
f 988//24 989//25 495//17 
f 988//24 990//26 989//25 
f 495//17 989//25 991//27 
f 495//17 991//27 992//1 
f 992//1 991//27 993//28 
f 992//1 993//28 994//1 
f 992//1 994//1 995//1 
f 995//1 996//1 992//1 
f 994//1 997//1 995//1 
f 998//1 994//1 993//28 
f 999//1 998//1 993//28 
f 1000//1 999//1 993//28 
f 1001//29 1000//1 993//28 
f 1001//29 993//28 1002//30 
f 994//1 1003//1 997//1 
f 994//1 1004//1 1003//1 
f 1001//29 1002//30 15//2 
f 1002//30 971//21 15//2 
f 1002//30 1005//31 971//21 
f 1006//1 1001//29 15//2 
f 1006//1 1007//1 1001//29 
f 1006//1 15//2 28//1 
f 1008//1 1007//1 1006//1 
f 1008//1 1009//1 1007//1 
f 1008//1 1010//1 1009//1 
f 1010//1 1011//1 1009//1 
f 1011//1 1004//1 1009//1 
f 1011//1 1012//1 1004//1 
f 1004//1 1012//1 1003//1 
f 1012//1 1013//1 1003//1 
f 1006//1 28//1 1014//1 
f 1014//1 1015//1 1006//1 
f 1014//1 28//1 1016//1 
f 1013//1 1017//1 1003//1 
f 1013//1 1018//1 1017//1 
f 1014//1 1016//1 1019//1 
f 1016//1 1020//1 1019//1 
f 1016//1 1021//1 1020//1 
f 1013//1 1022//1 1018//1 
f 1013//1 1023//1 1022//1 
f 1018//1 1022//1 1024//1 
f 1025//1 1018//1 1024//1 
f 1025//1 1026//1 1018//1 
f 1027//1 1025//1 1024//1 
f 1027//1 1024//1 1015//1 
f 1028//1 1027//1 1015//1 
f 1029//1 1015//1 1014//1 
f 1029//1 1014//1 1030//1 
f 1031//1 1028//1 1015//1 
f 1029//1 1031//1 1015//1 
f 1031//1 1032//1 1028//1 
f 1031//1 1033//1 1032//1 
f 1033//1 1034//1 1032//1 
f 1033//1 1035//1 1034//1 
f 1036//1 1035//1 1033//1 
f 1036//1 1037//1 1035//1 
f 1038//1 1037//1 1036//1 
f 1038//1 1036//1 1039//1 
f 1030//1 1040//1 1029//1 
f 1039//1 997//1 1038//1 
f 1039//1 1041//1 997//1 
f 1003//1 1038//1 997//1 
f 1041//1 1039//1 1042//1 
f 1041//1 1042//1 1043//1 
f 1041//1 1043//1 1040//1 
f 1041//1 1044//1 997//1 
f 1045//1 1044//1 1041//1 
f 1045//1 1046//1 1044//1 
f 1041//1 1040//1 1047//1 
f 1040//1 1030//1 1047//1 
f 1041//1 1047//1 1048//1 
f 1030//1 1049//1 1047//1 
f 1030//1 1050//1 1049//1 
f 1050//1 1051//1 1049//1 
f 1051//1 1052//1 1049//1 
f 1051//1 1053//1 1052//1 
f 1054//1 1055//1 1056//1 
f 1054//1 1057//1 1055//1 
f 1058//1 1057//1 1054//1 
f 1058//1 1054//1 1059//1 
f 1058//1 1060//1 1057//1 
f 1057//1 1060//1 1061//1 
f 1061//1 1062//1 1057//1 
f 1063//1 1055//1 1057//1 
f 1061//1 1064//1 1062//1 
f 1065//1 1058//1 1059//1 
f 1066//1 1062//1 1064//1 
f 1063//1 1067//1 1055//1 
f 1068//1 1065//1 1059//1 
f 1068//1 1069//1 1065//1 
f 1059//1 1070//1 1068//1 
f 1059//1 1071//1 1070//1 
f 1071//1 1072//1 1070//1 
f 1073//1 1072//1 1071//1 
f 1074//1 1073//1 1071//1 
f 1074//1 1075//1 1073//1 
f 1076//1 1075//1 1074//1 
f 1077//1 1076//1 1074//1 
f 1076//1 1078//1 1075//1 
f 1079//1 1075//1 1078//1 
f 1079//1 1078//1 1080//1 
f 1080//1 1081//1 1079//1 
f 1081//1 1082//1 1079//1 
f 1079//1 1083//1 1075//1 
f 1084//1 1079//1 1082//1 
f 1079//1 1085//1 1083//1 
f 1083//1 1085//1 1086//1 
f 1084//1 1087//1 1079//1 
f 1084//1 1088//1 1087//1 
f 1087//1 1088//1 1089//1 
f 1090//1 1087//1 1089//1 
f 1090//1 1089//1 1091//1 
f 1090//1 1091//1 1092//1 
f 1090//1 1092//1 1093//1 
f 1094//1 1093//1 1092//1 
f 1094//1 1092//1 1095//1 
f 1094//1 1095//1 1096//1 
f 1094//1 1096//1 1097//1 
f 1094//1 1097//1 1098//1 
f 1094//1 1098//1 1099//1 
f 1094//1 1100//1 1093//1 
f 1094//1 1099//1 1101//1 
f 1094//1 1102//1 1100//1 
f 1102//1 1103//1 1100//1 
f 1103//1 1102//1 1104//1 
f 1105//1 1094//1 1101//1 
f 1105//1 1106//1 1094//1 
f 1107//1 1105//1 1101//1 
f 1108//1 1107//1 1101//1 
f 1108//1 1101//1 1109//1 
f 1108//1 1109//1 1110//1 
f 1109//1 1111//1 1110//1 
f 1111//1 1112//1 1110//1 
f 1112//1 1113//1 1110//1 
f 1113//1 1114//1 1110//1 
f 1114//1 1115//1 1110//1 
f 1115//1 1116//1 1110//1 
f 1116//1 1117//1 1110//1 
f 1118//1 1108//1 1110//1 
f 1117//1 1119//1 1110//1 
f 1120//1 1119//1 1117//1 
f 1120//1 1121//1 1119//1 
f 1110//1 1119//1 1121//1 
f 1118//1 1122//1 1108//1 
f 1110//1 1121//1 1123//1 
f 1118//1 1124//1 1122//1 
f 1125//1 1110//1 1123//1 
f 1124//1 1118//1 1126//1 
f 1118//1 1110//1 1127//1 
f 1124//1 1126//1 1128//1 
f 1129//1 1127//1 1110//1 
f 1128//1 1126//1 1130//1 
f 1125//1 1131//1 1110//1 
f 1131//1 1132//1 1110//1 
f 1110//1 1132//1 1133//1 
f 1062//1 1128//1 1130//1 
f 1062//1 1134//1 1128//1 
f 1125//1 1135//1 1131//1 
f 1125//1 1136//1 1135//1 
f 1137//1 1135//1 1136//1 
f 1138//1 1131//1 1135//1 
f 1138//1 1139//1 1131//1 
f 1137//1 1140//1 1135//1 
f 1137//1 1141//1 1140//1 
f 1142//1 1139//1 1138//1 
f 1143//1 1140//1 1141//1 
f 1143//1 1144//1 1140//1 
f 1143//1 1145//1 1144//1 
f 1142//1 1138//1 1146//1 
f 1143//1 1147//1 1145//1 
f 1143//1 1148//1 1147//1 
f 1148//1 1149//1 1147//1 
f 1149//1 1150//1 1147//1 
f 1150//1 1151//1 1147//1 
f 1151//1 1152//1 1147//1 
f 1152//1 1153//1 1147//1 
f 1147//1 1154//1 1145//1 
f 1155//1 1142//1 1146//1 
f 1155//1 1146//1 1156//1 
f 1155//1 1156//1 1157//1 
f 1158//1 1157//1 1156//1 
f 1158//1 1156//1 1159//1 
f 1159//1 1160//1 1158//1 
f 1159//1 1161//1 1160//1 
f 1154//1 1160//1 1161//1 
f 1154//1 1162//1 1160//1 
f 1147//1 1162//1 1154//1 
f 1147//1 1163//1 1162//1 
f 1147//1 1164//1 1163//1 
f 1153//1 1165//1 1147//1 
f 1153//1 1166//1 1165//1 
f 1166//1 1167//1 1165//1 
f 1168//1 1165//1 1167//1 
f 1164//1 1169//1 1163//1 
f 1170//1 1163//1 1169//1 
f 1171//1 1170//1 1169//1 
f 1172//1 1171//1 1169//1 
f 1172//1 1173//1 1171//1 
f 1168//1 1167//1 1174//1 
f 1172//1 1175//1 1173//1 
f 1168//1 1174//1 1176//1 
f 1177//1 1173//1 1175//1 
f 1178//1 1176//1 1174//1 
f 1178//1 1174//1 1179//1 
f 1178//1 1180//1 1176//1 
f 1178//1 1179//1 1181//1 
f 1182//1 1175//1 1180//1 
f 1178//1 1182//1 1180//1 
f 1182//1 1183//1 1175//1 
f 1177//1 1175//1 1183//1 
f 1183//1 1184//1 1177//1 
f 1184//1 1183//1 1185//1 
f 1184//1 1185//1 1186//1 
f 1186//1 1185//1 1187//1 
f 1155//1 1186//1 1187//1 
f 1155//1 1187//1 1188//1 
f 1155//1 1188//1 1142//1 
f 1178//1 1181//1 1189//1 
f 1189//1 1190//1 1178//1 
f 1189//1 1181//1 1191//1 
f 1189//1 1191//1 1192//1 
f 1189//1 1192//1 1193//1 
f 1189//1 1193//1 1194//1 
f 1189//1 1194//1 1195//1 
f 1189//1 1195//1 1196//1 
f 1189//1 1196//1 1197//1 
f 1189//1 1197//1 1198//1 
f 1189//1 1199//1 1190//1 
f 1189//1 1198//1 1200//1 
f 1142//1 1188//1 1201//1 
f 1142//1 1201//1 1202//1 
f 1188//1 1203//1 1201//1 
f 1202//1 1201//1 1204//1 
f 1188//1 1205//1 1203//1 
f 1202//1 1204//1 1206//1 
f 1205//1 1207//1 1203//1 
f 1205//1 1208//1 1207//1 
f 1208//1 1209//1 1207//1 
f 1208//1 1210//1 1209//1 
f 1206//1 1211//1 1202//1 
f 1212//1 1209//1 1210//1 
f 1212//1 1210//1 1199//1 
f 1206//1 1213//1 1211//1 
f 1189//1 1212//1 1199//1 
f 1214//1 1211//1 1213//1 
f 1214//1 1215//1 1211//1 
f 1213//1 1216//1 1214//1 
f 1213//1 1217//1 1216//1 
f 1217//1 1218//1 1216//1 
f 1219//1 1218//1 1217//1 
f 1219//1 1220//1 1218//1 
f 1219//1 1217//1 1221//1 
f 1222//1 1219//1 1221//1 
f 1223//1 1212//1 1189//1 
f 1224//1 1223//1 1189//1 
f 1225//1 1224//1 1189//1 
f 1223//1 1226//1 1212//1 
f 1226//1 1227//1 1212//1 
f 1227//1 1226//1 1228//1 
f 1229//1 1227//1 1228//1 
f 1229//1 1228//1 1230//1 
f 1230//1 1231//1 1229//1 
f 1230//1 1232//1 1231//1 
f 1232//1 1230//1 1233//1 
f 1232//1 1233//1 1234//1 
f 1232//1 1234//1 1221//1 
f 1221//1 1234//1 1235//1 
f 1234//1 1236//1 1235//1 
f 1221//1 1235//1 1222//1 
f 1237//1 1222//1 1235//1 
f 1237//1 1235//1 1238//1 
f 1133//1 1237//1 1238//1 
f 1133//1 1238//1 1239//1 
f 1234//1 1240//1 1236//1 
f 1133//1 1239//1 1110//1 
f 1110//1 1239//1 1241//1 
f 1234//1 1242//1 1240//1 
f 1110//1 1241//1 1243//1 
f 1241//1 1244//1 1243//1 
f 1244//1 1245//1 1243//1 
f 1245//1 1246//1 1243//1 
f 1234//1 1247//1 1242//1 
f 1234//1 1248//1 1247//1 
f 1234//1 1249//1 1248//1 
f 1234//1 1250//1 1249//1 
f 1242//1 1247//1 1251//1 
f 1242//1 1251//1 1252//1 
f 1253//1 1252//1 1251//1 
f 1253//1 1251//1 1254//1 
f 1246//1 1253//1 1254//1 
f 1234//1 1255//1 1250//1 
f 1246//1 1254//1 1256//1 
f 1256//1 1243//1 1246//1 
f 1257//1 1250//1 1255//1 
f 1258//1 1257//1 1255//1 
f 1259//1 1258//1 1255//1 
f 1256//1 1260//1 1243//1 
f 1256//1 1261//1 1260//1 
f 1261//1 1262//1 1260//1 
f 1262//1 1259//1 1260//1 
f 1259//1 1263//1 1260//1 
f 1259//1 1255//1 1189//1 
f 1259//1 1189//1 1263//1 
f 1255//1 1225//1 1189//1 
f 1264//1 1263//1 1189//1 
f 1189//1 1265//1 1264//1 
f 1264//1 1266//1 1263//1 
f 1266//1 785//1 1263//1 
f 785//1 1267//1 1263//1 
f 1266//1 783//1 785//1 
f 1266//1 1268//1 783//1 
f 1268//1 762//1 783//1 
f 1268//1 1269//1 762//1 
f 1269//1 758//1 762//1 
f 1269//1 1270//1 758//1 
f 1189//1 725//1 1265//1 
f 1200//1 725//1 1189//1 
f 1200//1 1271//1 725//1 
f 1271//1 1272//1 725//1 
f 1272//1 1273//1 725//1 
f 1273//1 1274//1 725//1 
f 1274//1 1275//1 725//1 
f 1275//1 1276//1 725//1 
f 1276//1 1277//1 725//1 
f 1277//1 1278//1 725//1 
f 1278//1 1279//1 725//1 
f 1280//1 1279//1 1278//1 
f 733//1 725//1 1280//1 
f 733//1 1280//1 1281//1 
f 733//1 1281//1 1282//1 
f 733//1 1282//1 1283//1 
f 733//1 1283//1 1284//1 
f 1285//1 733//1 1284//1 
f 1285//1 1286//1 733//1 
f 1285//1 1284//1 1287//1 
f 1285//1 1287//1 1288//1 
f 1285//1 1288//1 1289//1 
f 1285//1 1289//1 1290//1 
f 1290//1 1289//1 1291//1 
f 1290//1 1291//1 1292//1 
f 1293//1 1290//1 1292//1 
f 1293//1 1292//1 1294//1 
f 1293//1 1294//1 1295//1 
f 1296//1 1292//1 1291//1 
f 1297//1 1295//1 1294//1 
f 1296//1 1291//1 1298//1 
f 1296//1 1298//1 1299//1 
f 1297//1 1300//1 1295//1 
f 1296//1 1299//1 1301//1 
f 1300//1 1297//1 1302//1 
f 1297//1 1303//1 1302//1 
f 1303//1 1304//1 1302//1 
f 1305//1 1296//1 1301//1 
f 1305//1 1306//1 1296//1 
f 1307//1 1305//1 1301//1 
f 724//1 1307//1 1301//1 
f 724//1 1301//1 1308//1 
f 724//1 1308//1 719//1 
f 1308//1 1309//1 719//1 
f 1309//1 1310//1 719//1 
f 719//1 1310//1 1311//1 
f 719//1 1311//1 1312//1 
f 1312//1 718//1 719//1 
f 1312//1 1313//1 718//1 
f 1313//1 1314//1 718//1 
f 1314//1 1315//1 718//1 
f 1316//1 1317//1 1318//1 
f 1318//1 709//1 1316//1 
f 708//1 1316//1 709//1 
f 708//1 1319//1 1316//1 
f 1318//1 1320//1 709//1 
f 1318//1 1321//1 1320//1 
f 1318//1 1322//1 1321//1 
f 1320//1 1323//1 709//1 
f 1324//1 1321//1 1322//1 
f 709//1 1323//1 1325//1 
f 1324//1 1322//1 1326//1 
f 709//1 1325//1 1327//1 
f 1327//1 710//1 709//1 
f 1327//1 1328//1 710//1 
f 1329//1 1327//1 1325//1 
f 1329//1 1330//1 1327//1 
f 1329//1 1325//1 1331//1 
f 1332//1 1329//1 1331//1 
f 1332//1 1331//1 1333//1 
f 1334//1 1324//1 1326//1 
f 1335//1 1324//1 1334//1 
f 1334//1 1326//1 1336//1 
f 1337//1 1335//1 1334//1 
f 1336//1 1326//1 1338//1 
f 1338//1 1339//1 1336//1 
f 1338//1 1340//1 1339//1 
f 1337//1 1341//1 1335//1 
f 1341//1 1337//1 1342//1 
f 1341//1 1342//1 1343//1 
f 1344//1 1332//1 1333//1 
f 1345//1 1332//1 1344//1 
f 1346//1 1345//1 1344//1 
f 1346//1 1347//1 1345//1 
f 1344//1 1333//1 1348//1 
f 1348//1 1333//1 1349//1 
f 1348//1 1349//1 1350//1 
f 1351//1 1352//1 1353//1 
f 1351//1 1353//1 1354//1 
f 1354//1 1353//1 1355//1 
f 1354//1 1355//1 1356//1 
f 1356//1 619//1 1354//1 
f 1356//1 1357//1 619//1 
f 1357//1 1358//1 619//1 
f 1358//1 621//1 619//1 
f 1358//1 1359//1 621//1 
f 621//1 1359//1 1360//1 
f 1351//1 1354//1 1361//1 
f 1362//1 1361//1 1354//1 
f 1362//1 1363//1 1361//1 
f 1351//1 1361//1 1364//1 
f 1364//1 1365//1 1351//1 
f 1366//1 1351//1 1365//1 
f 1362//1 1367//1 1363//1 
f 1367//1 1362//1 1368//1 
f 1366//1 1369//1 1351//1 
f 1367//1 1368//1 1370//1 
f 1370//1 1371//1 1367//1 
f 1370//1 1372//1 1371//1 
f 1370//1 1373//1 1372//1 
f 1374//1 1373//1 1370//1 
f 1375//1 1374//1 1370//1 
f 1375//1 1370//1 1376//1 
f 1375//1 1376//1 1377//1 
f 1369//1 1366//1 1378//1 
f 1375//1 1377//1 1379//1 
f 1380//1 1369//1 1378//1 
f 1381//1 1380//1 1378//1 
f 1380//1 1382//1 1369//1 
f 1380//1 1383//1 1382//1 
f 1382//1 1384//1 1369//1 
f 1381//1 1385//1 1380//1 
f 1382//1 1386//1 1384//1 
f 1387//1 1384//1 1386//1 
f 1388//1 1387//1 1386//1 
f 1386//1 1360//1 1388//1 
f 1389//1 1385//1 1381//1 
f 1386//1 882//1 1360//1 
f 1386//1 1390//1 882//1 
f 621//1 1360//1 882//1 
f 1389//1 1391//1 1385//1 
f 1375//1 1391//1 1389//1 
f 1392//1 1385//1 1391//1 
f 1392//1 1393//1 1385//1 
f 1375//1 1394//1 1391//1 
f 1395//1 1393//1 1392//1 
f 1375//1 1379//1 1394//1 
f 1395//1 1392//1 1396//1 
f 1390//1 1397//1 882//1 
f 1390//1 1398//1 1397//1 
f 882//1 1397//1 1399//1 
f 882//1 1399//1 897//1 
f 897//1 1399//1 1400//1 
f 1400//1 1401//1 897//1 
f 1400//1 1402//1 1401//1 
f 1402//1 1403//1 1401//1 
f 1403//1 1404//1 1401//1 
f 1403//1 1405//1 1404//1 
f 1406//1 1404//1 1405//1 
f 1406//1 1407//1 1404//1 
f 1406//1 1408//1 1407//1 
f 1408//1 1406//1 1409//1 
f 1408//1 1409//1 1410//1 
f 1409//1 1379//1 1410//1 
f 1379//1 1411//1 1410//1 
f 1379//1 1412//1 1411//1 
f 1409//1 1394//1 1379//1 
f 1409//1 1413//1 1394//1 
f 1396//1 1414//1 1415//1 
f 1395//1 1396//1 1415//1 
f 1395//1 1415//1 1416//1 
f 1416//1 1417//1 1395//1 
f 1418//1 1416//1 1415//1 
f 1419//1 1418//1 1415//1 
f 1415//1 1420//1 1419//1 
f 1419//1 1421//1 1418//1 
f 1419//1 1422//1 1421//1 
f 1423//1 1421//1 1422//1 
f 1418//1 1424//1 1416//1 
f 1423//1 1422//1 1425//1 
f 1426//1 1416//1 1424//1 
f 1426//1 1427//1 1416//1 
f 1426//1 1424//1 1428//1 
f 1429//1 1426//1 1428//1 
f 1429//1 1428//1 1430//1 
f 1425//1 1431//1 1423//1 
f 1432//1 1423//1 1431//1 
f 1433//1 1432//1 1431//1 
f 1433//1 1434//1 1432//1 
f 1425//1 1435//1 1431//1 
f 1435//1 1425//1 1436//1 
f 1436//1 1437//1 1435//1 
f 1436//1 1438//1 1437//1 
f 1430//1 1439//1 1429//1 
f 1440//1 1429//1 1439//1 
f 1441//1 1440//1 1439//1 
f 1441//1 1442//1 1440//1 
f 1430//1 1443//1 1439//1 
f 1443//1 1430//1 1444//1 
f 1443//1 1444//1 1445//1 
f 1066//1 1446//1 1447//1 
f 1066//1 1447//1 1062//1 
f 1448//1 1062//1 1447//1 
f 1448//1 1447//1 1449//1 
f 1062//1 1130//1 1057//1 
f 1130//1 1450//1 1057//1 
f 1450//1 1451//1 1057//1 
f 1450//1 1452//1 1451//1 
f 1450//1 1453//1 1452//1 
f 1452//1 1454//1 1451//1 
f 1057//1 1451//1 1455//1 
f 1057//1 1455//1 1456//1 
f 1057//1 1456//1 1457//1 
f 1063//1 1057//1 1457//1 
f 1458//1 1063//1 1457//1 
f 1459//1 1451//1 1454//1 
f 1459//1 1460//1 1451//1 
f 1461//1 1459//1 1454//1 
f 1461//1 1454//1 1462//1 
f 1461//1 1462//1 1463//1 
f 1459//1 1464//1 1460//1 
f 1465//1 1463//1 1462//1 
f 1460//1 1464//1 1466//1 
f 1465//1 1467//1 1463//1 
f 1460//1 1466//1 1468//1 
f 1458//1 1469//1 1063//1 
f 1467//1 1465//1 1470//1 
f 1471//1 1470//1 1465//1 
f 1472//1 1469//1 1458//1 
f 1472//1 1458//1 1473//1 
f 1473//1 1474//1 1472//1 
f 1475//1 1472//1 1474//1 
f 1475//1 1474//1 1476//1 
f 1477//1 1475//1 1476//1 
f 1478//1 1477//1 1476//1 
f 1478//1 1476//1 1460//1 
f 1479//1 1478//1 1460//1 
f 1472//1 1480//1 1469//1 
f 1460//1 1468//1 1479//1 
f 1481//1 1469//1 1480//1 
f 1481//1 1482//1 1469//1 
f 1481//1 1483//1 1482//1 
f 1481//1 1480//1 1484//1 
f 1485//1 1483//1 1481//1 
f 1484//1 1486//1 1481//1 
f 1487//1 1485//1 1481//1 
f 1488//1 1487//1 1481//1 
f 1484//1 1489//1 1486//1 
f 1487//1 1490//1 1485//1 
f 1067//1 1490//1 1487//1 
f 1067//1 1491//1 1490//1 
f 1492//1 1491//1 1067//1 
f 1063//1 1492//1 1067//1 
f 1481//1 1486//1 1493//1 
f 1493//1 1494//1 1481//1 
f 1493//1 1495//1 1494//1 
f 1493//1 1496//1 1495//1 
f 1496//1 1497//1 1495//1 
f 1481//1 1494//1 1498//1 
f 1468//1 1495//1 1497//1 
f 1468//1 1499//1 1495//1 
f 1468//1 1497//1 1479//1 
f 1497//1 1500//1 1479//1 
f 1468//1 1501//1 1499//1 
f 1501//1 1502//1 1499//1 
f 1503//1 1499//1 1502//1 
f 1504//1 1503//1 1502//1 
f 1504//1 1505//1 1503//1 
f 1504//1 1506//1 1505//1 
f 1506//1 1504//1 1507//1 
f 1508//1 1506//1 1507//1 
f 1498//1 1508//1 1507//1 
f 1498//1 1507//1 1129//1 
f 1507//1 1509//1 1129//1 
f 1498//1 1129//1 1110//1 
f 1498//1 1110//1 1481//1 
f 1110//1 1510//1 1481//1 
f 1110//1 1243//1 1510//1 
f 1488//1 1481//1 1510//1 
f 1488//1 1510//1 1511//1 
f 1511//1 1512//1 1488//1 
f 1511//1 1513//1 1512//1 
f 692//1 1512//1 1513//1 
f 692//1 1514//1 1512//1 
f 692//1 1515//1 1514//1 
f 1514//1 1515//1 691//1 
f 1488//1 1512//1 1516//1 
f 1488//1 1516//1 1517//1 
f 1488//1 1517//1 1518//1 
f 1518//1 1519//1 1488//1 
f 1518//1 1520//1 1519//1 
f 1519//1 1520//1 1521//1 
f 1519//1 1521//1 1522//1 
f 1522//1 1521//1 1523//1 
f 1520//1 1524//1 1521//1 
f 1525//1 1524//1 1520//1 
f 1523//1 1526//1 1522//1 
f 1523//1 1527//1 1526//1 
f 1527//1 1528//1 1526//1 
f 1529//1 1525//1 1520//1 
f 1530//1 1526//1 1528//1 
f 1530//1 1528//1 1531//1 
f 1529//1 1520//1 1532//1 
f 1533//1 1531//1 1529//1 
f 1530//1 1531//1 1533//1 
f 1529//1 666//1 1533//1 
f 1529//1 1532//1 666//1 
f 1532//1 1534//1 666//1 
f 685//1 1534//1 1532//1 
f 1530//1 1533//1 1535//1 
f 1536//1 1530//1 1535//1 
f 1536//1 1535//1 1537//1 
f 1536//1 1538//1 1530//1 
f 1538//1 1539//1 1530//1 
f 1539//1 1538//1 1540//1 
f 1539//1 1540//1 1541//1 
f 1539//1 1541//1 1542//1 
f 1542//1 1543//1 1539//1 
f 1542//1 1544//1 1543//1 
f 521//1 1543//1 1544//1 
f 1545//1 521//1 1544//1 
f 1545//1 525//1 521//1 
f 525//1 1545//1 1546//1 
f 525//1 1546//1 1547//1 
f 1548//1 1536//1 1537//1 
f 525//1 1547//1 1549//1 
f 1550//1 1547//1 1548//1 
f 1550//1 1548//1 1537//1 
f 1550//1 1549//1 1547//1 
f 1550//1 1537//1 662//1 
f 1549//1 1550//1 658//1 
f 1551//1 1552//1 1553//1 
f 1551//1 1553//1 1554//1 
f 1553//1 1555//1 1554//1 
f 1553//1 1556//1 1555//1 
f 1553//1 1557//1 1556//1 
f 1557//1 1558//1 1556//1 
f 1557//1 1559//1 1558//1 
f 1560//1 1558//1 1559//1 
f 1560//1 1561//1 1558//1 
f 1561//1 1560//1 1562//1 
f 1560//1 1563//1 1562//1 
f 1561//1 1562//1 1564//1 
f 1467//1 1561//1 1564//1 
f 1467//1 1470//1 1561//1 
f 1471//1 1565//1 1470//1 
f 1566//1 1565//1 1471//1 
f 1566//1 1567//1 1565//1 
f 1470//1 1565//1 1568//1 
f 1470//1 1568//1 1569//1 
f 1570//1 1569//1 1568//1 
f 1570//1 1568//1 1571//1 
f 1572//1 1570//1 1571//1 
f 1572//1 1571//1 1573//1 
f 1572//1 1573//1 1574//1 
f 1573//1 1575//1 1574//1 
f 1572//1 1574//1 1576//1 
f 1576//1 1577//1 1572//1 
f 1302//1 1578//1 1579//1 
f 1302//1 1579//1 1580//1 
f 1580//1 1579//1 1581//1 
f 1580//1 1581//1 1582//1 
f 1583//1 1582//1 1581//1 
f 1583//1 1581//1 1584//1 
f 1585//1 1583//1 1584//1 
f 1585//1 1584//1 1586//1 
f 1587//1 1302//1 1580//1 
f 1300//1 1302//1 1587//1 
f 1587//1 1588//1 1300//1 
f 1587//1 1589//1 1588//1 
f 1587//1 1580//1 1590//1 
f 1590//1 1591//1 1587//1 
f 1591//1 1592//1 1587//1 
f 1591//1 1590//1 1593//1 
f 1591//1 1593//1 1594//1 
f 1595//1 1594//1 1593//1 
f 1595//1 1593//1 1596//1 
f 1597//1 1595//1 1596//1 
f 1597//1 1596//1 1598//1 
f 1597//1 1598//1 1599//1 
f 1600//1 1597//1 1599//1 
f 1600//1 1601//1 1597//1 
f 1602//1 1603//1 1585//1 
f 1585//1 1604//1 1602//1 
f 1585//1 1586//1 1604//1 
f 1586//1 1605//1 1604//1 
f 298//1 1606//1 316//1 
f 298//1 1607//1 1606//1 
f 1606//1 1607//1 345//1 
f 1608//1 884//1 623//1 
f 884//1 1608//1 621//1 
f 882//1 884//1 621//1 
f 728//1 1609//1 1610//1 
f 728//1 1610//1 1611//1 
f 728//1 1611//1 1612//1 
f 1609//1 728//1 758//1 
f 728//1 1612//1 725//1 
f 1609//1 758//1 1613//1 
f 725//1 1612//1 1614//1 
f 1270//1 1613//1 758//1 
f 725//1 1614//1 1265//1 
f 1270//1 1615//1 1613//1 
f 1270//1 1616//1 1615//1 
f 1265//1 1614//1 1617//1 
f 1616//1 1617//1 1615//1 
f 1265//1 1617//1 1618//1 
f 1616//1 1618//1 1617//1 
# 1762 faces

